Reviews	TOS_flags	Followers	Average	pay	comm	fast	fair	pay_comm	pay_fast	pay_fair	comm_fast	comm_fair	fast_fair	pay_comm_fast	pay_comm_fair	comm_fast_fair	pay_fast_fair
2	0	1	5	5	5	5	5	5	5	5	5	5	5	5	5	5	5
5	1	1	1	1	1	1	1	1	1	1	1	1	1	1	1	1	1
8	0	1	3.715	4.86	0	5	5	2.43	4.93	4.93	2.5	2.5	5	3.286666667	3.286666667	3.333333333	4.953333333
2	0	1	2.125	1.5	1	3	3	1.25	2.25	2.25	2	2	3	1.833333333	1.833333333	2.333333333	2.5
9	0	1	3.345	2.11	5	3.67	2.6	3.555	2.89	2.355	4.335	3.8	3.135	3.593333333	3.236666667	3.756666667	2.793333333
13	0	1	4.85	4.58	4.92	4.9	5	4.75	4.74	4.79	4.91	4.96	4.95	4.8	4.833333333	4.94	4.826666667
1	0	1	0.75	3	0	0	0	1.5	1.5	1.5	0	0	0	1	1	0	1
9	0	1	3.875	3.14	5	2.86	4.5	4.07	3	3.82	3.93	4.75	3.68	3.666666667	4.213333333	4.12	3.5
24	0	1	2.915	3.21	2	3.13	3.32	2.605	3.17	3.265	2.565	2.66	3.225	2.78	2.843333333	2.816666667	3.22
1	0	1	3.75	5	0	5	5	2.5	5	5	2.5	2.5	5	3.333333333	3.333333333	3.333333333	5
21	0	1	4.6325	3.8	5	4.87	4.86	4.4	4.335	4.33	4.935	4.93	4.865	4.556666667	4.553333333	4.91	4.51
20	0	1	4.25	3.21	4.14	4.71	4.94	3.675	3.96	4.075	4.425	4.54	4.825	4.02	4.096666667	4.596666667	4.286666667
25	0	1	4.325	3.24	5	4.42	4.64	4.12	3.83	3.94	4.71	4.82	4.53	4.22	4.293333333	4.686666667	4.1
8	1	1	1.7125	1.71	1	1.43	2.71	1.355	1.57	2.21	1.215	1.855	2.07	1.38	1.806666667	1.713333333	1.95
12	0	1	4.1375	3.45	3.67	5	4.43	3.56	4.225	3.94	4.335	4.05	4.715	4.04	3.85	4.366666667	4.293333333
22	3	1	3.1275	2.16	3	3.58	3.77	2.58	2.87	2.965	3.29	3.385	3.675	2.913333333	2.976666667	3.45	3.17
56	0	1	4.805	4.22	5	5	5	4.61	4.61	4.61	5	5	5	4.74	4.74	5	4.74
43	0	1	3.3725	3.26	3	3.44	3.79	3.13	3.35	3.525	3.22	3.395	3.615	3.233333333	3.35	3.41	3.496666667
24	0	1	2.225	2.42	1.4	2.5	2.58	1.91	2.46	2.5	1.95	1.99	2.54	2.106666667	2.133333333	2.16	2.5
9	1	1	2.2825	2.71	1	2.71	2.71	1.855	2.71	2.71	1.855	1.855	2.71	2.14	2.14	2.14	2.71
2	0	1	3.125	2.5	0	5	5	1.25	3.75	3.75	2.5	2.5	5	2.5	2.5	3.333333333	4.166666667
4	0	1	3.4175	4	0	4.67	5	2	4.335	4.5	2.335	2.5	4.835	2.89	3	3.223333333	4.556666667
25	0	1	4.52	3.71	4.43	4.94	5	4.07	4.325	4.355	4.685	4.715	4.97	4.36	4.38	4.79	4.55
33	0	1	4.355	3.9	4	4.81	4.71	3.95	4.355	4.305	4.405	4.355	4.76	4.236666667	4.203333333	4.506666667	4.473333333
38	0	1	4.1375	3.11	4	4.76	4.68	3.555	3.935	3.895	4.38	4.34	4.72	3.956666667	3.93	4.48	4.183333333
4	0	1	3.605	3.5	3.67	4.25	3	3.585	3.875	3.25	3.96	3.335	3.625	3.806666667	3.39	3.64	3.583333333
8	0	1	3.075	3.43	1	3.67	4.2	2.215	3.55	3.815	2.335	2.6	3.935	2.7	2.876666667	2.956666667	3.766666667
19	0	1	3.72	2.88	3.67	4.43	3.9	3.275	3.655	3.39	4.05	3.785	4.165	3.66	3.483333333	4	3.736666667
14	0	1	2.1575	1.75	1.75	2	3.13	1.75	1.875	2.44	1.875	2.44	2.565	1.833333333	2.21	2.293333333	2.293333333
90	0	1	4.6125	4.08	4.57	4.87	4.93	4.325	4.475	4.505	4.72	4.75	4.9	4.506666667	4.526666667	4.79	4.626666667
49	0	1	4.31	4.09	4.33	4.44	4.38	4.21	4.265	4.235	4.385	4.355	4.41	4.286666667	4.266666667	4.383333333	4.303333333
67	0	1	4.475	3.56	4.68	4.7	4.96	4.12	4.13	4.26	4.69	4.82	4.83	4.313333333	4.4	4.78	4.406666667
5	0	1	3.0125	3.4	2.25	3.2	3.2	2.825	3.3	3.3	2.725	2.725	3.2	2.95	2.95	2.883333333	3.266666667
31	0	1	3.35	3.45	2.29	3.83	3.83	2.87	3.64	3.64	3.06	3.06	3.83	3.19	3.19	3.316666667	3.703333333
5	0	1	3.7	4.8	0	5	5	2.4	4.9	4.9	2.5	2.5	5	3.266666667	3.266666667	3.333333333	4.933333333
31	0	1	3.9625	3.6	3.25	4.42	4.58	3.425	4.01	4.09	3.835	3.915	4.5	3.756666667	3.81	4.083333333	4.2
26	0	1	4.4075	3.76	4.43	4.56	4.88	4.095	4.16	4.32	4.495	4.655	4.72	4.25	4.356666667	4.623333333	4.4
2	0	1	5	5	5	5	5	5	5	5	5	5	5	5	5	5	5
11	0	1	4.45	4.8	3	5	5	3.9	4.9	4.9	4	4	5	4.266666667	4.266666667	4.333333333	4.933333333
17	0	1	3.7825	3.38	3.5	4.19	4.06	3.44	3.785	3.72	3.845	3.78	4.125	3.69	3.646666667	3.916666667	3.876666667
11	0	1	4.865	4.55	5	4.91	5	4.775	4.73	4.775	4.955	5	4.955	4.82	4.85	4.97	4.82
15	0	1	4.655	4.2	5	4.71	4.71	4.6	4.455	4.455	4.855	4.855	4.71	4.636666667	4.636666667	4.806666667	4.54
14	0	1	4.965	4.86	5	5	5	4.93	4.93	4.93	5	5	5	4.953333333	4.953333333	5	4.953333333
24	1	1	4.29	3.25	4.67	4.71	4.53	3.96	3.98	3.89	4.69	4.6	4.62	4.21	4.15	4.636666667	4.163333333
12	0	1	4.0875	3.75	3.67	4.43	4.5	3.71	4.09	4.125	4.05	4.085	4.465	3.95	3.973333333	4.2	4.226666667
23	1	1	3.565	3.59	2.4	4.41	3.86	2.995	4	3.725	3.405	3.13	4.135	3.466666667	3.283333333	3.556666667	3.953333333
21	0	1	4.8675	4.52	5	4.95	5	4.76	4.735	4.76	4.975	5	4.975	4.823333333	4.84	4.983333333	4.823333333
4	1	1	3.5025	3.67	3	3.67	3.67	3.335	3.67	3.67	3.335	3.335	3.67	3.446666667	3.446666667	3.446666667	3.67
5	0	1	3.4	4.2	0	4.4	5	2.1	4.3	4.6	2.2	2.5	4.7	2.866666667	3.066666667	3.133333333	4.533333333
45	0	1	4.4625	4.56	4.14	4.53	4.62	4.35	4.545	4.59	4.335	4.38	4.575	4.41	4.44	4.43	4.57
59	0	1	4.58	4.05	5	4.73	4.54	4.525	4.39	4.295	4.865	4.77	4.635	4.593333333	4.53	4.756666667	4.44
2	0	1	3.75	5	0	5	5	2.5	5	5	2.5	2.5	5	3.333333333	3.333333333	3.333333333	5
45	0	1	2.2725	2.43	1.22	2.57	2.87	1.825	2.5	2.65	1.895	2.045	2.72	2.073333333	2.173333333	2.22	2.623333333
5	0	1	3.45	3.8	0	5	5	1.9	4.4	4.4	2.5	2.5	5	2.933333333	2.933333333	3.333333333	4.6
30	0	1	3.1725	3.33	2.82	3.22	3.32	3.075	3.275	3.325	3.02	3.07	3.27	3.123333333	3.156666667	3.12	3.29
9	1	1	4.3725	4	4.86	4.5	4.13	4.43	4.25	4.065	4.68	4.495	4.315	4.453333333	4.33	4.496666667	4.21
10	0	1	3.9725	4.33	3.67	3.33	4.56	4	3.83	4.445	3.5	4.115	3.945	3.776666667	4.186666667	3.853333333	4.073333333
5	0	1	4	5	1	5	5	3	5	5	3	3	5	3.666666667	3.666666667	3.666666667	5
34	4	1	2.815	3.35	2	2.19	3.72	2.675	2.77	3.535	2.095	2.86	2.955	2.513333333	3.023333333	2.636666667	3.086666667
7	0	1	4.1675	3.5	4.5	5	3.67	4	4.25	3.585	4.75	4.085	4.335	4.333333333	3.89	4.39	4.056666667
37	1	1	3.98	3.91	3.22	4.25	4.54	3.565	4.08	4.225	3.735	3.88	4.395	3.793333333	3.89	4.003333333	4.233333333
3	0	1	1.9975	2.33	2.33	1	2.33	2.33	1.665	2.33	1.665	2.33	1.665	1.886666667	2.33	1.886666667	1.886666667
178	2	1	4.7075	4.45	4.66	4.84	4.88	4.555	4.645	4.665	4.75	4.77	4.86	4.65	4.663333333	4.793333333	4.723333333
27	3	1	4.5125	3.96	4.29	5	4.8	4.125	4.48	4.38	4.645	4.545	4.9	4.416666667	4.35	4.696666667	4.586666667
20	0	1	4.595	4.68	4.33	4.58	4.79	4.505	4.63	4.735	4.455	4.56	4.685	4.53	4.6	4.566666667	4.683333333
67	0	1	4.365	3.34	4.36	4.9	4.86	3.85	4.12	4.1	4.63	4.61	4.88	4.2	4.186666667	4.706666667	4.366666667
41	3	1	4.495	4.46	4.11	4.65	4.76	4.285	4.555	4.61	4.38	4.435	4.705	4.406666667	4.443333333	4.506666667	4.623333333
51	0	1	3.005	1.52	2.72	3.81	3.97	2.12	2.665	2.745	3.265	3.345	3.89	2.683333333	2.736666667	3.5	3.1
52	1	1	3.8175	3.45	3.67	4.15	4	3.56	3.8	3.725	3.91	3.835	4.075	3.756666667	3.706666667	3.94	3.866666667
19	0	1	3.66	4.11	1.33	4.58	4.62	2.72	4.345	4.365	2.955	2.975	4.6	3.34	3.353333333	3.51	4.436666667
44	0	1	4.17	4.26	3.78	4.21	4.43	4.02	4.235	4.345	3.995	4.105	4.32	4.083333333	4.156666667	4.14	4.3
21	14	1	3.715	3.56	3.67	3.63	4	3.615	3.595	3.78	3.65	3.835	3.815	3.62	3.743333333	3.766666667	3.73
77	0	1	3.98	3.57	3.74	4.1	4.51	3.655	3.835	4.04	3.92	4.125	4.305	3.803333333	3.94	4.116666667	4.06
5	0	1	0.25	1	0	0	0	0.5	0.5	0.5	0	0	0	0.3333333333	0.3333333333	0	0.3333333333
33	0	1	2.21	2.45	2.14	2.06	2.19	2.295	2.255	2.32	2.1	2.165	2.125	2.216666667	2.26	2.13	2.233333333
80	3	1	3.2125	3.49	2.43	3.15	3.78	2.96	3.32	3.635	2.79	3.105	3.465	3.023333333	3.233333333	3.12	3.473333333
12	0	1	4.0725	4.09	3	4.6	4.6	3.545	4.345	4.345	3.8	3.8	4.6	3.896666667	3.896666667	4.066666667	4.43
25	9	1	2.87	2.83	2	3.4	3.25	2.415	3.115	3.04	2.7	2.625	3.325	2.743333333	2.693333333	2.883333333	3.16
4	0	1	3.4175	3.67	0	5	5	1.835	4.335	4.335	2.5	2.5	5	2.89	2.89	3.333333333	4.556666667
1	0	1	3.5	4	0	5	5	2	4.5	4.5	2.5	2.5	5	3	3	3.333333333	4.666666667
2	0	1	4.875	4.5	5	5	5	4.75	4.75	4.75	5	5	5	4.833333333	4.833333333	5	4.833333333
15	0	1	4.9825	4.93	5	5	5	4.965	4.965	4.965	5	5	5	4.976666667	4.976666667	5	4.976666667
86	0	1	4.925	4.96	4.81	4.99	4.94	4.885	4.975	4.95	4.9	4.875	4.965	4.92	4.903333333	4.913333333	4.963333333
8	0	1	5	5	5	5	5	5	5	5	5	5	5	5	5	5	5
44	0	1	3.575	4.44	2.42	3.05	4.39	3.43	3.745	4.415	2.735	3.405	3.72	3.303333333	3.75	3.286666667	3.96
10	0	1	4.1925	3.4	5	3.7	4.67	4.2	3.55	4.035	4.35	4.835	4.185	4.033333333	4.356666667	4.456666667	3.923333333
54	1	1	4.1675	3.23	4.16	4.6	4.68	3.695	3.915	3.955	4.38	4.42	4.64	3.996666667	4.023333333	4.48	4.17
27	0	1	4.1575	4.22	4.13	3.96	4.32	4.175	4.09	4.27	4.045	4.225	4.14	4.103333333	4.223333333	4.136666667	4.166666667
70	1	1	3.37	3.48	2.62	4.14	3.24	3.05	3.81	3.36	3.38	2.93	3.69	3.413333333	3.113333333	3.333333333	3.62
11	0	1	3.0775	2.56	0	4.75	5	1.28	3.655	3.78	2.375	2.5	4.875	2.436666667	2.52	3.25	4.103333333
56	0	1	3.925	3.56	3.38	4.17	4.59	3.47	3.865	4.075	3.775	3.985	4.38	3.703333333	3.843333333	4.046666667	4.106666667
45	0	1	4.6975	4.43	4.71	4.77	4.88	4.57	4.6	4.655	4.74	4.795	4.825	4.636666667	4.673333333	4.786666667	4.693333333
24	0	1	3.08	3.33	2.59	3.67	2.73	2.96	3.5	3.03	3.13	2.66	3.2	3.196666667	2.883333333	2.996666667	3.243333333
48	0	1	3.955	2.91	3.67	4.56	4.68	3.29	3.735	3.795	4.115	4.175	4.62	3.713333333	3.753333333	4.303333333	4.05
24	0	1	4.8775	4.65	5	4.91	4.95	4.825	4.78	4.8	4.955	4.975	4.93	4.853333333	4.866666667	4.953333333	4.836666667
10	0	1	4.07	3.7	4.25	4	4.33	3.975	3.85	4.015	4.125	4.29	4.165	3.983333333	4.093333333	4.193333333	4.01
10	0	1	3.7075	4.2	2.33	4.1	4.2	3.265	4.15	4.2	3.215	3.265	4.15	3.543333333	3.576666667	3.543333333	4.166666667
45	0	1	4.67	4.57	4.33	4.89	4.89	4.45	4.73	4.73	4.61	4.61	4.89	4.596666667	4.596666667	4.703333333	4.783333333
11	0	1	4.875	4.91	4.86	4.73	5	4.885	4.82	4.955	4.795	4.93	4.865	4.833333333	4.923333333	4.863333333	4.88
4	0	1	3.75	5	0	5	5	2.5	5	5	2.5	2.5	5	3.333333333	3.333333333	3.333333333	5
53	0	1	4.2675	4.38	3.87	4.35	4.47	4.125	4.365	4.425	4.11	4.17	4.41	4.2	4.24	4.23	4.4
5	0	1	3.6	4.4	0	5	5	2.2	4.7	4.7	2.5	2.5	5	3.133333333	3.133333333	3.333333333	4.8
25	0	1	3.575	2.91	3	4.31	4.08	2.955	3.61	3.495	3.655	3.54	4.195	3.406666667	3.33	3.796666667	3.766666667
9	0	1	2.4425	1.44	2.33	3	3	1.885	2.22	2.22	2.665	2.665	3	2.256666667	2.256666667	2.776666667	2.48
12	0	1	3.66	3.7	3	4.3	3.64	3.35	4	3.67	3.65	3.32	3.97	3.666666667	3.446666667	3.646666667	3.88
5	0	1	2.5625	2.25	0	3	5	1.125	2.625	3.625	1.5	2.5	4	1.75	2.416666667	2.666666667	3.416666667
16	0	1	4.185	3.81	3	4.93	5	3.405	4.37	4.405	3.965	4	4.965	3.913333333	3.936666667	4.31	4.58
14	0	1	4.72	4	4.88	5	5	4.44	4.5	4.5	4.94	4.94	5	4.626666667	4.626666667	4.96	4.666666667
13	0	1	4.7625	4.15	5	4.9	5	4.575	4.525	4.575	4.95	5	4.95	4.683333333	4.716666667	4.966666667	4.683333333
9	0	1	3.5	4	0	5	5	2	4.5	4.5	2.5	2.5	5	3	3	3.333333333	4.666666667
21	0	1	2.9625	3.17	2.73	2.39	3.56	2.95	2.78	3.365	2.56	3.145	2.975	2.763333333	3.153333333	2.893333333	3.04
6	0	1	3.9	4.5	1.5	5	4.6	3	4.75	4.55	3.25	3.05	4.8	3.666666667	3.533333333	3.7	4.7
9	0	1	4.9375	4.75	5	5	5	4.875	4.875	4.875	5	5	5	4.916666667	4.916666667	5	4.916666667
11	0	1	4.9775	4.91	5	5	5	4.955	4.955	4.955	5	5	5	4.97	4.97	5	4.97
6	0	1	2.7325	2.6	2.33	3	3	2.465	2.8	2.8	2.665	2.665	3	2.643333333	2.643333333	2.776666667	2.866666667
16	0	1	2.5625	2.18	1.67	3.8	2.6	1.925	2.99	2.39	2.735	2.135	3.2	2.55	2.15	2.69	2.86
8	0	1	3.6775	4.71	0	5	5	2.355	4.855	4.855	2.5	2.5	5	3.236666667	3.236666667	3.333333333	4.903333333
17	2	1	3.445	3.44	3	3.57	3.77	3.22	3.505	3.605	3.285	3.385	3.67	3.336666667	3.403333333	3.446666667	3.593333333
56	9	1	3.085	3.55	2.43	3	3.36	2.99	3.275	3.455	2.715	2.895	3.18	2.993333333	3.113333333	2.93	3.303333333
16	0	1	3.6225	3.19	2.8	4.44	4.06	2.995	3.815	3.625	3.62	3.43	4.25	3.476666667	3.35	3.766666667	3.896666667
12	0	1	2.5675	1.27	3	3	3	2.135	2.135	2.135	3	3	3	2.423333333	2.423333333	3	2.423333333
21	1	1	3.35	3.38	2.89	3.7	3.43	3.135	3.54	3.405	3.295	3.16	3.565	3.323333333	3.233333333	3.34	3.503333333
13	0	1	4.9225	4.69	5	5	5	4.845	4.845	4.845	5	5	5	4.896666667	4.896666667	5	4.896666667
7	0	1	3.465	3.86	0	5	5	1.93	4.43	4.43	2.5	2.5	5	2.953333333	2.953333333	3.333333333	4.62
50	1	1	4.1925	3.79	4.18	4.43	4.37	3.985	4.11	4.08	4.305	4.275	4.4	4.133333333	4.113333333	4.326666667	4.196666667
50	0	1	4.5825	4.31	4.55	4.78	4.69	4.43	4.545	4.5	4.665	4.62	4.735	4.546666667	4.516666667	4.673333333	4.593333333
11	0	1	2.035	2	1	3	2.14	1.5	2.5	2.07	2	1.57	2.57	2	1.713333333	2.046666667	2.38
5	0	1	2.2	2.6	1	2.6	2.6	1.8	2.6	2.6	1.8	1.8	2.6	2.066666667	2.066666667	2.066666667	2.6
1	0	1	1	1	1	1	1	1	1	1	1	1	1	1	1	1	1
49	0	1	3.0025	3.38	2.04	3.26	3.33	2.71	3.32	3.355	2.65	2.685	3.295	2.893333333	2.916666667	2.876666667	3.323333333
40	0	1	2.6975	2.08	2.33	3.15	3.23	2.205	2.615	2.655	2.74	2.78	3.19	2.52	2.546666667	2.903333333	2.82
99	0	1	4.795	4.49	4.86	4.92	4.91	4.675	4.705	4.7	4.89	4.885	4.915	4.756666667	4.753333333	4.896666667	4.773333333
12	0	1	2.605	2.75	1.5	2.5	3.67	2.125	2.625	3.21	2	2.585	3.085	2.25	2.64	2.556666667	2.973333333
25	0	1	3.9925	4.37	3	4.5	4.1	3.685	4.435	4.235	3.75	3.55	4.3	3.956666667	3.823333333	3.866666667	4.323333333
43	0	1	4.915	4.95	4.86	4.95	4.9	4.905	4.95	4.925	4.905	4.88	4.925	4.92	4.903333333	4.903333333	4.933333333
7	0	1	3.285	2.14	1	5	5	1.57	3.57	3.57	3	3	5	2.713333333	2.713333333	3.666666667	4.046666667
8	0	1	4.84	4.5	5	4.86	5	4.75	4.68	4.75	4.93	5	4.93	4.786666667	4.833333333	4.953333333	4.786666667
6	0	1	4.5325	5	4.5	3.83	4.8	4.75	4.415	4.9	4.165	4.65	4.315	4.443333333	4.766666667	4.376666667	4.543333333
56	0	1	4.8175	4.84	4.56	4.93	4.94	4.7	4.885	4.89	4.745	4.75	4.935	4.776666667	4.78	4.81	4.903333333
31	1	1	2.9775	3.13	1.8	3.55	3.43	2.465	3.34	3.28	2.675	2.615	3.49	2.826666667	2.786666667	2.926666667	3.37
17	0	1	4.7525	4.76	4.73	4.76	4.76	4.745	4.76	4.76	4.745	4.745	4.76	4.75	4.75	4.75	4.76
4	0	1	3.1875	3.75	1	4	4	2.375	3.875	3.875	2.5	2.5	4	2.916666667	2.916666667	3	3.916666667
34	0	1	3.3825	3.08	2.14	4.18	4.13	2.61	3.63	3.605	3.16	3.135	4.155	3.133333333	3.116666667	3.483333333	3.796666667
5	0	1	3.4	3.6	0	5	5	1.8	4.3	4.3	2.5	2.5	5	2.866666667	2.866666667	3.333333333	4.533333333
8	0	1	3.065	2.88	1.5	4.13	3.75	2.19	3.505	3.315	2.815	2.625	3.94	2.836666667	2.71	3.126666667	3.586666667
21	2	1	4.7325	4.95	4.2	5	4.78	4.575	4.975	4.865	4.6	4.49	4.89	4.716666667	4.643333333	4.66	4.91
46	0	1	4.685	4.12	4.78	4.89	4.95	4.45	4.505	4.535	4.835	4.865	4.92	4.596666667	4.616666667	4.873333333	4.653333333
27	0	1	4.8975	4.76	5	5	4.83	4.88	4.88	4.795	5	4.915	4.915	4.92	4.863333333	4.943333333	4.863333333
10	0	1	4.09	4	4	4.25	4.11	4	4.125	4.055	4.125	4.055	4.18	4.083333333	4.036666667	4.12	4.12
162	0	1	4.7425	4.69	4.73	4.74	4.81	4.71	4.715	4.75	4.735	4.77	4.775	4.72	4.743333333	4.76	4.746666667
27	0	1	4.15	3.96	3.67	4.65	4.32	3.815	4.305	4.14	4.16	3.995	4.485	4.093333333	3.983333333	4.213333333	4.31
28	6	1	3.8625	3.05	3.67	4.5	4.23	3.36	3.775	3.64	4.085	3.95	4.365	3.74	3.65	4.133333333	3.926666667
11	0	1	3.4825	4.1	0	4.83	5	2.05	4.465	4.55	2.415	2.5	4.915	2.976666667	3.033333333	3.276666667	4.643333333
5	1	1	2.25	2	0	2	5	1	2	3.5	1	2.5	3.5	1.333333333	2.333333333	2.333333333	3
61	0	1	4.675	4.72	4.52	4.53	4.93	4.62	4.625	4.825	4.525	4.725	4.73	4.59	4.723333333	4.66	4.726666667
36	0	1	3.9	3.96	3.22	4.38	4.04	3.59	4.17	4	3.8	3.63	4.21	3.853333333	3.74	3.88	4.126666667
31	0	1	4.3325	3.35	5	4.65	4.33	4.175	4	3.84	4.825	4.665	4.49	4.333333333	4.226666667	4.66	4.11
20	0	1	4.195	2.5	5	4.64	4.64	3.75	3.57	3.57	4.82	4.82	4.64	4.046666667	4.046666667	4.76	3.926666667
1	0	1	5	5	5	5	5	5	5	5	5	5	5	5	5	5	5
148	1	1	4.5825	4.65	4.22	4.76	4.7	4.435	4.705	4.675	4.49	4.46	4.73	4.543333333	4.523333333	4.56	4.703333333
30	0	1	4.8075	4.7	5	4.85	4.68	4.85	4.775	4.69	4.925	4.84	4.765	4.85	4.793333333	4.843333333	4.743333333
30	0	1	3.6625	2.32	3.67	4.23	4.43	2.995	3.275	3.375	3.95	4.05	4.33	3.406666667	3.473333333	4.11	3.66
44	0	1	3.9425	3.46	3.6	4.38	4.33	3.53	3.92	3.895	3.99	3.965	4.355	3.813333333	3.796666667	4.103333333	4.056666667
187	6	1	2.54	2.72	1.93	2.81	2.7	2.325	2.765	2.71	2.37	2.315	2.755	2.486666667	2.45	2.48	2.743333333
55	0	1	4.605	4.49	4.52	4.69	4.72	4.505	4.59	4.605	4.605	4.62	4.705	4.566666667	4.576666667	4.643333333	4.633333333
16	0	1	3.7475	4.33	2.33	4.25	4.08	3.33	4.29	4.205	3.29	3.205	4.165	3.636666667	3.58	3.553333333	4.22
18	0	1	3.8525	3.5	4.2	3.8	3.91	3.85	3.65	3.705	4	4.055	3.855	3.833333333	3.87	3.97	3.736666667
24	0	1	3.3725	2.95	2.33	4.07	4.14	2.64	3.51	3.545	3.2	3.235	4.105	3.116666667	3.14	3.513333333	3.72
4	0	1	3.6875	4.75	0	5	5	2.375	4.875	4.875	2.5	2.5	5	3.25	3.25	3.333333333	4.916666667
1	0	1	3.25	3	0	5	5	1.5	4	4	2.5	2.5	5	2.666666667	2.666666667	3.333333333	4.333333333
11	0	1	4.9325	4.73	5	5	5	4.865	4.865	4.865	5	5	5	4.91	4.91	5	4.91
17	0	1	3.9975	3.76	3	4.73	4.5	3.38	4.245	4.13	3.865	3.75	4.615	3.83	3.753333333	4.076666667	4.33
32	0	1	3.9325	2.9	3.83	4.32	4.68	3.365	3.61	3.79	4.075	4.255	4.5	3.683333333	3.803333333	4.276666667	3.966666667
131	2	1	1.41	1.56	1.07	1.51	1.5	1.315	1.535	1.53	1.29	1.285	1.505	1.38	1.376666667	1.36	1.523333333
20	0	1	4.575	4.68	4.14	4.74	4.74	4.41	4.71	4.71	4.44	4.44	4.74	4.52	4.52	4.54	4.72
4	0	1	2.9175	1.67	0	5	5	0.835	3.335	3.335	2.5	2.5	5	2.223333333	2.223333333	3.333333333	3.89
11	0	1	4.255	3.82	5	4	4.2	4.41	3.91	4.01	4.5	4.6	4.1	4.273333333	4.34	4.4	4.006666667
3	0	1	3.75	5	0	5	5	2.5	5	5	2.5	2.5	5	3.333333333	3.333333333	3.333333333	5
9	0	1	3.305	3.22	0	5	5	1.61	4.11	4.11	2.5	2.5	5	2.74	2.74	3.333333333	4.406666667
41	0	1	3.1675	3.05	2.14	3.48	4	2.595	3.265	3.525	2.81	3.07	3.74	2.89	3.063333333	3.206666667	3.51
5	0	1	3.95	2.8	4	4.67	4.33	3.4	3.735	3.565	4.335	4.165	4.5	3.823333333	3.71	4.333333333	3.933333333
23	0	1	4.135	4	4	4.4	4.14	4	4.2	4.07	4.2	4.07	4.27	4.133333333	4.046666667	4.18	4.18
69	0	1	4.4475	4.23	4.23	4.69	4.64	4.23	4.46	4.435	4.46	4.435	4.665	4.383333333	4.366666667	4.52	4.52
24	0	1	4.785	4.14	5	5	5	4.57	4.57	4.57	5	5	5	4.713333333	4.713333333	5	4.713333333
1	0	1	5	5	5	5	5	5	5	5	5	5	5	5	5	5	5
11	0	1	2.89	2.56	3.67	2	3.33	3.115	2.28	2.945	2.835	3.5	2.665	2.743333333	3.186666667	3	2.63
10	0	1	4.4	4.5	4	4.5	4.6	4.25	4.5	4.55	4.25	4.3	4.55	4.333333333	4.366666667	4.366666667	4.533333333
19	0	1	3.6425	3.37	3.2	4	4	3.285	3.685	3.685	3.6	3.6	4	3.523333333	3.523333333	3.733333333	3.79
13	0	1	4.705	4.15	5	5	4.67	4.575	4.575	4.41	5	4.835	4.835	4.716666667	4.606666667	4.89	4.606666667
2	0	1	3.625	3	3	3.5	5	3	3.25	4	3.25	4	4.25	3.166666667	3.666666667	3.833333333	3.833333333
56	1	1	3.98	3.11	4.4	4.16	4.25	3.755	3.635	3.68	4.28	4.325	4.205	3.89	3.92	4.27	3.84
23	0	1	4.27	4.17	4	4.3	4.61	4.085	4.235	4.39	4.15	4.305	4.455	4.156666667	4.26	4.303333333	4.36
8	0	1	2.7975	2.88	1.8	3.38	3.13	2.34	3.13	3.005	2.59	2.465	3.255	2.686666667	2.603333333	2.77	3.13
199	0	1	4.8125	4.62	4.8	4.94	4.89	4.71	4.78	4.755	4.87	4.845	4.915	4.786666667	4.77	4.876666667	4.816666667
22	0	1	4.6975	4.14	4.75	4.9	5	4.445	4.52	4.57	4.825	4.875	4.95	4.596666667	4.63	4.883333333	4.68
12	0	1	3.3225	3.75	1	4.27	4.27	2.375	4.01	4.01	2.635	2.635	4.27	3.006666667	3.006666667	3.18	4.096666667
13	0	1	4.9575	4.83	5	5	5	4.915	4.915	4.915	5	5	5	4.943333333	4.943333333	5	4.943333333
19	0	1	4.605	4.59	4.56	4.71	4.56	4.575	4.65	4.575	4.635	4.56	4.635	4.62	4.57	4.61	4.62
35	0	1	4.14	3.48	4.27	4.33	4.48	3.875	3.905	3.98	4.3	4.375	4.405	4.026666667	4.076666667	4.36	4.096666667
20	0	1	4.155	4.05	3.8	4.33	4.44	3.925	4.19	4.245	4.065	4.12	4.385	4.06	4.096666667	4.19	4.273333333
19	0	1	4.5725	4.05	4.35	4.89	5	4.2	4.47	4.525	4.62	4.675	4.945	4.43	4.466666667	4.746666667	4.646666667
6	0	1	2.82	3	2.25	3.2	2.83	2.625	3.1	2.915	2.725	2.54	3.015	2.816666667	2.693333333	2.76	3.01
13	0	1	3.335	3.62	1.8	4.23	3.69	2.71	3.925	3.655	3.015	2.745	3.96	3.216666667	3.036666667	3.24	3.846666667
22	0	1	4.065	3.25	3.67	4.67	4.67	3.46	3.96	3.96	4.17	4.17	4.67	3.863333333	3.863333333	4.336666667	4.196666667
22	0	1	4.045	3.68	3.5	4.44	4.56	3.59	4.06	4.12	3.97	4.03	4.5	3.873333333	3.913333333	4.166666667	4.226666667
16	0	1	4.13	3.2	4.2	4.69	4.43	3.7	3.945	3.815	4.445	4.315	4.56	4.03	3.943333333	4.44	4.106666667
15	0	1	4.915	4.93	5	5	4.73	4.965	4.965	4.83	5	4.865	4.865	4.976666667	4.886666667	4.91	4.886666667
13	1	1	2.3375	2.46	2.25	2.64	2	2.355	2.55	2.23	2.445	2.125	2.32	2.45	2.236666667	2.296666667	2.366666667
32	0	1	4.8925	4.64	5	4.93	5	4.82	4.785	4.82	4.965	5	4.965	4.856666667	4.88	4.976666667	4.856666667
7	0	1	4.4075	3.43	5	5	4.2	4.215	4.215	3.815	5	4.6	4.6	4.476666667	4.21	4.733333333	4.21
24	0	1	4.7725	4.09	5	5	5	4.545	4.545	4.545	5	5	5	4.696666667	4.696666667	5	4.696666667
12	0	1	3.975	4.36	3	4.27	4.27	3.68	4.315	4.315	3.635	3.635	4.27	3.876666667	3.876666667	3.846666667	4.3
86	0	1	3.8775	3.69	3.29	4.3	4.23	3.49	3.995	3.96	3.795	3.76	4.265	3.76	3.736666667	3.94	4.073333333
10	0	1	4.89	4.56	5	5	5	4.78	4.78	4.78	5	5	5	4.853333333	4.853333333	5	4.853333333
10	0	1	4.1425	4	3	4.57	5	3.5	4.285	4.5	3.785	4	4.785	3.856666667	4	4.19	4.523333333
3	0	1	3.0825	2.33	0	5	5	1.165	3.665	3.665	2.5	2.5	5	2.443333333	2.443333333	3.333333333	4.11
24	0	1	4.21	3.38	4	4.73	4.73	3.69	4.055	4.055	4.365	4.365	4.73	4.036666667	4.036666667	4.486666667	4.28
46	0	1	4.8275	4.79	4.79	4.73	5	4.79	4.76	4.895	4.76	4.895	4.865	4.77	4.86	4.84	4.84
9	0	1	4.055	3.22	3	5	5	3.11	4.11	4.11	4	4	5	3.74	3.74	4.333333333	4.406666667
141	3	1	4.8125	4.8	4.81	4.82	4.82	4.805	4.81	4.81	4.815	4.815	4.82	4.81	4.81	4.816666667	4.813333333
21	0	1	4.4225	3.5	5	4.5	4.69	4.25	4	4.095	4.75	4.845	4.595	4.333333333	4.396666667	4.73	4.23
5	0	1	3.8125	3	4	4.25	4	3.5	3.625	3.5	4.125	4	4.125	3.75	3.666666667	4.083333333	3.75
6	0	1	4.5425	4.67	5	3.5	5	4.835	4.085	4.835	4.25	5	4.25	4.39	4.89	4.5	4.39
8	0	1	4.8225	4.29	5	5	5	4.645	4.645	4.645	5	5	5	4.763333333	4.763333333	5	4.763333333
31	0	1	4.48	4.53	3.67	4.86	4.86	4.1	4.695	4.695	4.265	4.265	4.86	4.353333333	4.353333333	4.463333333	4.75
30	3	1	3.58	3.31	3	4.21	3.8	3.155	3.76	3.555	3.605	3.4	4.005	3.506666667	3.37	3.67	3.773333333
10	0	1	4.75	4	5	5	5	4.5	4.5	4.5	5	5	5	4.666666667	4.666666667	5	4.666666667
13	0	1	3.9825	4.5	3.43	4	4	3.965	4.25	4.25	3.715	3.715	4	3.976666667	3.976666667	3.81	4.166666667
10	1	1	4.67	3.8	5	4.88	5	4.4	4.34	4.4	4.94	5	4.94	4.56	4.6	4.96	4.56
20	1	1	3.0575	2.94	2	3.85	3.44	2.47	3.395	3.19	2.925	2.72	3.645	2.93	2.793333333	3.096666667	3.41
32	1	1	4.675	4.67	4.44	4.74	4.85	4.555	4.705	4.76	4.59	4.645	4.795	4.616666667	4.653333333	4.676666667	4.753333333
33	1	1	4.0475	3.2	3.67	4.74	4.58	3.435	3.97	3.89	4.205	4.125	4.66	3.87	3.816666667	4.33	4.173333333
34	0	1	4.7025	4.58	4.6	4.85	4.78	4.59	4.715	4.68	4.725	4.69	4.815	4.676666667	4.653333333	4.743333333	4.736666667
48	2	1	3.025	3.16	2.05	3.62	3.27	2.605	3.39	3.215	2.835	2.66	3.445	2.943333333	2.826666667	2.98	3.35
9	0	1	2.59	2.78	1	3.29	3.29	1.89	3.035	3.035	2.145	2.145	3.29	2.356666667	2.356666667	2.526666667	3.12
9	0	1	4.1325	2.67	5	4.43	4.43	3.835	3.55	3.55	4.715	4.715	4.43	4.033333333	4.033333333	4.62	3.843333333
34	0	1	3.77	3.73	3.54	3.43	4.38	3.635	3.58	4.055	3.485	3.96	3.905	3.566666667	3.883333333	3.783333333	3.846666667
9	0	1	3.97	3.75	3.75	3.88	4.5	3.75	3.815	4.125	3.815	4.125	4.19	3.793333333	4	4.043333333	4.043333333
29	2	1	4.4725	4.29	4.2	4.7	4.7	4.245	4.495	4.495	4.45	4.45	4.7	4.396666667	4.396666667	4.533333333	4.563333333
31	3	1	3.4975	2.52	3.4	3.86	4.21	2.96	3.19	3.365	3.63	3.805	4.035	3.26	3.376666667	3.823333333	3.53
15	0	1	4.4325	4.53	4.2	4.36	4.64	4.365	4.445	4.585	4.28	4.42	4.5	4.363333333	4.456666667	4.4	4.51
12	0	1	3.17	3.58	2.43	3.5	3.17	3.005	3.54	3.375	2.965	2.8	3.335	3.17	3.06	3.033333333	3.416666667
12	0	1	3.9975	4.33	3	4.33	4.33	3.665	4.33	4.33	3.665	3.665	4.33	3.886666667	3.886666667	3.886666667	4.33
24	0	1	4.6625	4.43	4.56	4.83	4.83	4.495	4.63	4.63	4.695	4.695	4.83	4.606666667	4.606666667	4.74	4.696666667
9	0	1	5	5	5	5	5	5	5	5	5	5	5	5	5	5	5
5	0	1	4.4125	3.75	4.5	4.4	5	4.125	4.075	4.375	4.45	4.75	4.7	4.216666667	4.416666667	4.633333333	4.383333333
6	0	1	4.7875	4.6	5	4.8	4.75	4.8	4.7	4.675	4.9	4.875	4.775	4.8	4.783333333	4.85	4.716666667
15	0	1	4.495	4.6	3.67	5	4.71	4.135	4.8	4.655	4.335	4.19	4.855	4.423333333	4.326666667	4.46	4.77
36	2	1	3.56	3.43	3.25	3.59	3.97	3.34	3.51	3.7	3.42	3.61	3.78	3.423333333	3.55	3.603333333	3.663333333
56	1	1	4.5725	4.36	4.62	4.57	4.74	4.49	4.465	4.55	4.595	4.68	4.655	4.516666667	4.573333333	4.643333333	4.556666667
17	0	1	4.06	2.53	3.8	4.91	5	3.165	3.72	3.765	4.355	4.4	4.955	3.746666667	3.776666667	4.57	4.146666667
15	0	1	4.9425	4.77	5	5	5	4.885	4.885	4.885	5	5	5	4.923333333	4.923333333	5	4.923333333
14	0	1	4.845	4.69	5	5	4.69	4.845	4.845	4.69	5	4.845	4.845	4.896666667	4.793333333	4.896666667	4.793333333
22	0	1	2.9625	2.48	2.44	3.73	3.2	2.46	3.105	2.84	3.085	2.82	3.465	2.883333333	2.706666667	3.123333333	3.136666667
52	0	1	4.2425	4.56	3.53	4.44	4.44	4.045	4.5	4.5	3.985	3.985	4.44	4.176666667	4.176666667	4.136666667	4.48
38	1	1	4.3125	4.63	4.13	3.91	4.58	4.38	4.27	4.605	4.02	4.355	4.245	4.223333333	4.446666667	4.206666667	4.373333333
40	0	1	3.365	3	3.29	3.79	3.38	3.145	3.395	3.19	3.54	3.335	3.585	3.36	3.223333333	3.486666667	3.39
15	0	1	3.03	2.79	1.5	3.73	4.1	2.145	3.26	3.445	2.615	2.8	3.915	2.673333333	2.796666667	3.11	3.54
34	0	1	3.795	4.09	2.86	4.26	3.97	3.475	4.175	4.03	3.56	3.415	4.115	3.736666667	3.64	3.696666667	4.106666667
17	0	1	5	5	5	5	5	5	5	5	5	5	5	5	5	5	5
23	4	1	3.82	3.05	3.67	4.23	4.33	3.36	3.64	3.69	3.95	4	4.28	3.65	3.683333333	4.076666667	3.87
14	0	1	3.245	3.07	3	3.58	3.33	3.035	3.325	3.2	3.29	3.165	3.455	3.216666667	3.133333333	3.303333333	3.326666667
5	0	1	1.9175	1.67	0	1	5	0.835	1.335	3.335	0.5	2.5	3	0.89	2.223333333	2	2.556666667
9	0	1	4.695	3.78	5	5	5	4.39	4.39	4.39	5	5	5	4.593333333	4.593333333	5	4.593333333
28	0	1	3.3475	3.19	2.67	3.88	3.65	2.93	3.535	3.42	3.275	3.16	3.765	3.246666667	3.17	3.4	3.573333333
59	2	1	4.395	4.15	4.44	4.35	4.64	4.295	4.25	4.395	4.395	4.54	4.495	4.313333333	4.41	4.476666667	4.38
40	0	1	4.9725	4.92	5	5	4.97	4.96	4.96	4.945	5	4.985	4.985	4.973333333	4.963333333	4.99	4.963333333
1	0	1	4.75	4	5	5	5	4.5	4.5	4.5	5	5	5	4.666666667	4.666666667	5	4.666666667
63	0	1	4.36	3.32	4.4	4.79	4.93	3.86	4.055	4.125	4.595	4.665	4.86	4.17	4.216666667	4.706666667	4.346666667
18	0	1	4.165	3.69	4.64	4.08	4.25	4.165	3.885	3.97	4.36	4.445	4.165	4.136666667	4.193333333	4.323333333	4.006666667
1	0	1	0.25	1	0	0	0	0.5	0.5	0.5	0	0	0	0.3333333333	0.3333333333	0	0.3333333333
1	0	1	2	2	0	3	3	1	2.5	2.5	1.5	1.5	3	1.666666667	1.666666667	2	2.666666667
8	0	1	3.9975	3.13	4	4.43	4.43	3.565	3.78	3.78	4.215	4.215	4.43	3.853333333	3.853333333	4.286666667	3.996666667
29	0	1	4.065	4.72	2.82	4	4.72	3.77	4.36	4.72	3.41	3.77	4.36	3.846666667	4.086666667	3.846666667	4.48
2	0	1	3.5	5	0	4	5	2.5	4.5	5	2	2.5	4.5	3	3.333333333	3	4.666666667
3	0	1	3.75	5	0	5	5	2.5	5	5	2.5	2.5	5	3.333333333	3.333333333	3.333333333	5
2	0	1	3.25	4	0	5	4	2	4.5	4	2.5	2	4.5	3	2.666666667	3	4.333333333
22	0	1	4.04	4.47	3.43	4.35	3.91	3.95	4.41	4.19	3.89	3.67	4.13	4.083333333	3.936666667	3.896666667	4.243333333
4	0	1	2.25	2	1	3	3	1.5	2.5	2.5	2	2	3	2	2	2.333333333	2.666666667
1	0	1	0.25	0	1	0	0	0.5	0	0	0.5	0.5	0	0.3333333333	0.3333333333	0.3333333333	0
16	0	1	4.28	4	4.2	4.25	4.67	4.1	4.125	4.335	4.225	4.435	4.46	4.15	4.29	4.373333333	4.306666667
1	0	1	3.75	5	0	5	5	2.5	5	5	2.5	2.5	5	3.333333333	3.333333333	3.333333333	5
1	0	1	0.25	1	0	0	0	0.5	0.5	0.5	0	0	0	0.3333333333	0.3333333333	0	0.3333333333
7	0	1	4.0225	2.67	5	4.67	3.75	3.835	3.67	3.21	4.835	4.375	4.21	4.113333333	3.806666667	4.473333333	3.696666667
4	0	1	4.625	3.5	5	5	5	4.25	4.25	4.25	5	5	5	4.5	4.5	5	4.5
3	0	1	3.0825	1.33	5	3	3	3.165	2.165	2.165	4	4	3	3.11	3.11	3.666666667	2.443333333
1	0	1	3.75	5	0	5	5	2.5	5	5	2.5	2.5	5	3.333333333	3.333333333	3.333333333	5
8	0	1	3.665	2.88	3.75	4.2	3.83	3.315	3.54	3.355	3.975	3.79	4.015	3.61	3.486666667	3.926666667	3.636666667
5	0	1	4.6875	4	5	4.75	5	4.5	4.375	4.5	4.875	5	4.875	4.583333333	4.666666667	4.916666667	4.583333333
21	0	1	3.25	3.47	3	3.13	3.4	3.235	3.3	3.435	3.065	3.2	3.265	3.2	3.29	3.176666667	3.333333333
3	0	1	1.25	1.5	1	1.5	1	1.25	1.5	1.25	1.25	1	1.25	1.333333333	1.166666667	1.166666667	1.333333333
17	1	1	4.075	3.57	3.86	4.6	4.27	3.715	4.085	3.92	4.23	4.065	4.435	4.01	3.9	4.243333333	4.146666667
2	0	1	3.75	5	0	5	5	2.5	5	5	2.5	2.5	5	3.333333333	3.333333333	3.333333333	5
2	0	1	3.625	4.5	0	5	5	2.25	4.75	4.75	2.5	2.5	5	3.166666667	3.166666667	3.333333333	4.833333333
17	0	1	3.245	3	2.91	3.6	3.47	2.955	3.3	3.235	3.255	3.19	3.535	3.17	3.126666667	3.326666667	3.356666667
2	0	1	1	1	1	1	1	1	1	1	1	1	1	1	1	1	1
2	0	1	1	1	1	1	1	1	1	1	1	1	1	1	1	1	1
6	0	1	4.75	4.17	5	4.83	5	4.585	4.5	4.585	4.915	5	4.915	4.666666667	4.723333333	4.943333333	4.666666667
1	0	1	1.25	5	0	0	0	2.5	2.5	2.5	0	0	0	1.666666667	1.666666667	0	1.666666667
2	0	1	3.75	5	0	5	5	2.5	5	5	2.5	2.5	5	3.333333333	3.333333333	3.333333333	5
6	0	1	3.75	5	0	5	5	2.5	5	5	2.5	2.5	5	3.333333333	3.333333333	3.333333333	5
9	0	1	3.5	4	0	5	5	2	4.5	4.5	2.5	2.5	5	3	3	3.333333333	4.666666667
8	0	1	4.03	3.43	3.83	4.43	4.43	3.63	3.93	3.93	4.13	4.13	4.43	3.896666667	3.896666667	4.23	4.096666667
1	0	1	3.75	5	0	5	5	2.5	5	5	2.5	2.5	5	3.333333333	3.333333333	3.333333333	5
5	4	1	5	5	5	5	5	5	5	5	5	5	5	5	5	5	5
5	0	1	2.875	4	1	3	3.5	2.5	3.5	3.75	2	2.25	3.25	2.666666667	2.833333333	2.5	3.5
5	0	1	4.1875	2.25	5	4.5	5	3.625	3.375	3.625	4.75	5	4.75	3.916666667	4.083333333	4.833333333	3.916666667
9	0	1	3.75	5	0	5	5	2.5	5	5	2.5	2.5	5	3.333333333	3.333333333	3.333333333	5
2	0	1	3	2	0	5	5	1	3.5	3.5	2.5	2.5	5	2.333333333	2.333333333	3.333333333	4
28	0	1	4.0575	4.19	4	4.19	3.85	4.095	4.19	4.02	4.095	3.925	4.02	4.126666667	4.013333333	4.013333333	4.076666667
4	0	1	2.9375	1.75	0	5	5	0.875	3.375	3.375	2.5	2.5	5	2.25	2.25	3.333333333	3.916666667
3	0	1	4.6675	5	5	3.67	5	5	4.335	5	4.335	5	4.335	4.556666667	5	4.556666667	4.556666667
8	0	1	3.72	4.88	0	5	5	2.44	4.94	4.94	2.5	2.5	5	3.293333333	3.293333333	3.333333333	4.96
2	0	1	5	5	5	5	5	5	5	5	5	5	5	5	5	5	5
3	0	1	4.75	4	5	5	5	4.5	4.5	4.5	5	5	5	4.666666667	4.666666667	5	4.666666667
12	0	1	3.755	4	2.75	4.18	4.09	3.375	4.09	4.045	3.465	3.42	4.135	3.643333333	3.613333333	3.673333333	4.09
9	0	1	2.16	2.14	1	3	2.5	1.57	2.57	2.32	2	1.75	2.75	2.046666667	1.88	2.166666667	2.546666667
1	0	1	3.5	4	0	5	5	2	4.5	4.5	2.5	2.5	5	3	3	3.333333333	4.666666667
20	0	1	4.54	4.6	4	4.78	4.78	4.3	4.69	4.69	4.39	4.39	4.78	4.46	4.46	4.52	4.72
4	0	1	3.75	5	0	5	5	2.5	5	5	2.5	2.5	5	3.333333333	3.333333333	3.333333333	5
10	0	1	2.6825	2.9	1.83	3.22	2.78	2.365	3.06	2.84	2.525	2.305	3	2.65	2.503333333	2.61	2.966666667
3	0	1	3.75	5	0	5	5	2.5	5	5	2.5	2.5	5	3.333333333	3.333333333	3.333333333	5
7	0	1	4.95	5	5	4.8	5	5	4.9	5	4.9	5	4.9	4.933333333	5	4.933333333	4.933333333
16	3	1	1.25	1.31	1	1.36	1.33	1.155	1.335	1.32	1.18	1.165	1.345	1.223333333	1.213333333	1.23	1.333333333
20	0	1	3.8975	3.67	2.67	4.56	4.69	3.17	4.115	4.18	3.615	3.68	4.625	3.633333333	3.676666667	3.973333333	4.306666667
5	0	1	5	5	5	5	5	5	5	5	5	5	5	5	5	5	5
12	0	1	5	5	5	5	5	5	5	5	5	5	5	5	5	5	5
4	0	1	4.75	4	5	5	5	4.5	4.5	4.5	5	5	5	4.666666667	4.666666667	5	4.666666667
4	0	1	3.5	4.5	0	4.75	4.75	2.25	4.625	4.625	2.375	2.375	4.75	3.083333333	3.083333333	3.166666667	4.666666667
11	0	1	4.19	3.09	5	4.38	4.29	4.045	3.735	3.69	4.69	4.645	4.335	4.156666667	4.126666667	4.556666667	3.92
49	1	1	4.0875	4.29	3.5	4.25	4.31	3.895	4.27	4.3	3.875	3.905	4.28	4.013333333	4.033333333	4.02	4.283333333
70	0	1	3.865	4.36	2.84	4.15	4.11	3.6	4.255	4.235	3.495	3.475	4.13	3.783333333	3.77	3.7	4.206666667
10	0	1	3.3575	2.5	2.33	4.4	4.2	2.415	3.45	3.35	3.365	3.265	4.3	3.076666667	3.01	3.643333333	3.7
42	0	1	2.74	2.97	2.29	2.81	2.89	2.63	2.89	2.93	2.55	2.59	2.85	2.69	2.716666667	2.663333333	2.89
18	0	1	4.4725	3.56	5	4.62	4.71	4.28	4.09	4.135	4.81	4.855	4.665	4.393333333	4.423333333	4.776666667	4.296666667
4	0	1	3.0225	3.75	1	3.67	3.67	2.375	3.71	3.71	2.335	2.335	3.67	2.806666667	2.806666667	2.78	3.696666667
24	0	1	4.1675	4.21	3.67	4.35	4.44	3.94	4.28	4.325	4.01	4.055	4.395	4.076666667	4.106666667	4.153333333	4.333333333
8	0	1	3.1275	3.63	0	4.38	4.5	1.815	4.005	4.065	2.19	2.25	4.44	2.67	2.71	2.96	4.17
9	0	1	3.2225	3.89	1	4	4	2.445	3.945	3.945	2.5	2.5	4	2.963333333	2.963333333	3	3.963333333
20	2	1	3.3825	2.78	3.14	3.86	3.75	2.96	3.32	3.265	3.5	3.445	3.805	3.26	3.223333333	3.583333333	3.463333333
5	0	1	4.7	4	5	4.8	5	4.5	4.4	4.5	4.9	5	4.9	4.6	4.666666667	4.933333333	4.6
6	0	1	2.875	2.2	2.4	2.4	4.5	2.3	2.3	3.35	2.4	3.45	3.45	2.333333333	3.033333333	3.1	3.033333333
3	0	1	5	5	5	5	5	5	5	5	5	5	5	5	5	5	5
5	0	1	3.8	4	3	4.2	4	3.5	4.1	4	3.6	3.5	4.1	3.733333333	3.666666667	3.733333333	4.066666667
5	0	1	3.75	3.6	3	4.2	4.2	3.3	3.9	3.9	3.6	3.6	4.2	3.6	3.6	3.8	4
10	0	1	4.8625	4.67	5	5	4.78	4.835	4.835	4.725	5	4.89	4.89	4.89	4.816666667	4.926666667	4.816666667
29	0	1	3.76	4.36	1	4.84	4.84	2.68	4.6	4.6	2.92	2.92	4.84	3.4	3.4	3.56	4.68
1	0	1	5	5	5	5	5	5	5	5	5	5	5	5	5	5	5
3	0	1	3.5025	3.67	3.67	3.67	3	3.67	3.67	3.335	3.67	3.335	3.335	3.67	3.446666667	3.446666667	3.446666667
2	0	1	3.75	5	0	5	5	2.5	5	5	2.5	2.5	5	3.333333333	3.333333333	3.333333333	5
10	0	1	4.8	4.2	5	5	5	4.6	4.6	4.6	5	5	5	4.733333333	4.733333333	5	4.733333333
4	0	1	4.4375	3.75	4	5	5	3.875	4.375	4.375	4.5	4.5	5	4.25	4.25	4.666666667	4.583333333
12	0	1	4.3125	3	5	4.25	5	4	3.625	4	4.625	5	4.625	4.083333333	4.333333333	4.75	4.083333333
2	0	1	4.625	3.5	5	5	5	4.25	4.25	4.25	5	5	5	4.5	4.5	5	4.5
2	0	1	5	5	5	5	5	5	5	5	5	5	5	5	5	5	5
4	0	1	1	1	1	1	1	1	1	1	1	1	1	1	1	1	1
1	0	1	3.75	5	0	5	5	2.5	5	5	2.5	2.5	5	3.333333333	3.333333333	3.333333333	5
1	0	1	0.75	3	0	0	0	1.5	1.5	1.5	0	0	0	1	1	0	1
6	0	1	4.95	5	5	4.8	5	5	4.9	5	4.9	5	4.9	4.933333333	5	4.933333333	4.933333333
5	0	1	3.45	3.8	0	5	5	1.9	4.4	4.4	2.5	2.5	5	2.933333333	2.933333333	3.333333333	4.6
1	0	1	3.5	4	0	5	5	2	4.5	4.5	2.5	2.5	5	3	3	3.333333333	4.666666667
43	0	1	4.0275	3.21	4.06	4.24	4.6	3.635	3.725	3.905	4.15	4.33	4.42	3.836666667	3.956666667	4.3	4.016666667
3	1	1	1	1	1	1	1	1	1	1	1	1	1	1	1	1	1
2	2	1	1	1	1	1	1	1	1	1	1	1	1	1	1	1	1
3	0	1	5	5	5	5	5	5	5	5	5	5	5	5	5	5	5
8	0	1	2.9875	2	1	4.75	4.2	1.5	3.375	3.1	2.875	2.6	4.475	2.583333333	2.4	3.316666667	3.65
2	0	1	2.875	2	0	4.5	5	1	3.25	3.5	2.25	2.5	4.75	2.166666667	2.333333333	3.166666667	3.833333333
2	0	1	3.75	5	0	5	5	2.5	5	5	2.5	2.5	5	3.333333333	3.333333333	3.333333333	5
2	0	1	5	5	5	5	5	5	5	5	5	5	5	5	5	5	5
3	0	1	4.0825	3.33	3	5	5	3.165	4.165	4.165	4	4	5	3.776666667	3.776666667	4.333333333	4.443333333
3	0	1	4.9175	4.67	5	5	5	4.835	4.835	4.835	5	5	5	4.89	4.89	5	4.89
5	0	1	3.95	2.4	4	4.8	4.6	3.2	3.6	3.5	4.4	4.3	4.7	3.733333333	3.666666667	4.466666667	3.933333333
3	0	1	4.25	3.67	4	5	4.33	3.835	4.335	4	4.5	4.165	4.665	4.223333333	4	4.443333333	4.333333333
8	0	1	4.5025	4.25	5	4.38	4.38	4.625	4.315	4.315	4.69	4.69	4.38	4.543333333	4.543333333	4.586666667	4.336666667
13	0	1	4.145	4.25	3.67	4.33	4.33	3.96	4.29	4.29	4	4	4.33	4.083333333	4.083333333	4.11	4.303333333
6	0	1	4.9575	4.83	5	5	5	4.915	4.915	4.915	5	5	5	4.943333333	4.943333333	5	4.943333333
2	0	1	2.75	1	0	5	5	0.5	3	3	2.5	2.5	5	2	2	3.333333333	3.666666667
54	0	1	3.9975	2.59	4.15	4.6	4.65	3.37	3.595	3.62	4.375	4.4	4.625	3.78	3.796666667	4.466666667	3.946666667
10	0	1	2.5525	4.38	1	1.43	3.4	2.69	2.905	3.89	1.215	2.2	2.415	2.27	2.926666667	1.943333333	3.07
8	0	1	4.97	4.88	5	5	5	4.94	4.94	4.94	5	5	5	4.96	4.96	5	4.96
41	0	1	3.6375	3.71	2.71	3.71	4.42	3.21	3.71	4.065	3.21	3.565	4.065	3.376666667	3.613333333	3.613333333	3.946666667
15	0	1	3.7725	3.86	3	4.15	4.08	3.43	4.005	3.97	3.575	3.54	4.115	3.67	3.646666667	3.743333333	4.03
10	1	1	2.1225	2	1.6	2.33	2.56	1.8	2.165	2.28	1.965	2.08	2.445	1.976666667	2.053333333	2.163333333	2.296666667
5	0	1	3.75	4	3	4	4	3.5	4	4	3.5	3.5	4	3.666666667	3.666666667	3.666666667	4
1	0	1	1.25	5	0	0	0	2.5	2.5	2.5	0	0	0	1.666666667	1.666666667	0	1.666666667
7	0	1	1.25	1.67	1.33	1	1	1.5	1.335	1.335	1.165	1.165	1	1.333333333	1.333333333	1.11	1.223333333
8	0	1	4.7325	4.43	5	5	4.5	4.715	4.715	4.465	5	4.75	4.75	4.81	4.643333333	4.833333333	4.643333333
2	0	1	3.375	3.5	0	5	5	1.75	4.25	4.25	2.5	2.5	5	2.833333333	2.833333333	3.333333333	4.5
9	0	1	4.8625	4.67	5	5	4.78	4.835	4.835	4.725	5	4.89	4.89	4.89	4.816666667	4.926666667	4.816666667
4	0	1	2.8525	2.75	1	3.33	4.33	1.875	3.04	3.54	2.165	2.665	3.83	2.36	2.693333333	2.886666667	3.47
4	0	1	4.6875	3.75	5	5	5	4.375	4.375	4.375	5	5	5	4.583333333	4.583333333	5	4.583333333
1	0	1	0.25	1	0	0	0	0.5	0.5	0.5	0	0	0	0.3333333333	0.3333333333	0	0.3333333333
7	0	1	2.125	2	1	2.5	3	1.5	2.25	2.5	1.75	2	2.75	1.833333333	2	2.166666667	2.5
4	1	1	2.3125	2.25	2	2.25	2.75	2.125	2.25	2.5	2.125	2.375	2.5	2.166666667	2.333333333	2.333333333	2.416666667
1	0	1	3.5	4	0	5	5	2	4.5	4.5	2.5	2.5	5	3	3	3.333333333	4.666666667
16	0	1	4.545	3.85	5	4.33	5	4.425	4.09	4.425	4.665	5	4.665	4.393333333	4.616666667	4.776666667	4.393333333
3	1	1	3	2	0	5	5	1	3.5	3.5	2.5	2.5	5	2.333333333	2.333333333	3.333333333	4
17	0	1	3.9575	4.07	3	4.56	4.2	3.535	4.315	4.135	3.78	3.6	4.38	3.876666667	3.756666667	3.92	4.276666667
6	0	1	2.48	2.75	1.67	3	2.5	2.21	2.875	2.625	2.335	2.085	2.75	2.473333333	2.306666667	2.39	2.75
4	0	1	5	5	5	5	5	5	5	5	5	5	5	5	5	5	5
6	0	1	4.6	3.4	5	5	5	4.2	4.2	4.2	5	5	5	4.466666667	4.466666667	5	4.466666667
11	0	1	3.625	3.5	3	4	4	3.25	3.75	3.75	3.5	3.5	4	3.5	3.5	3.666666667	3.833333333
5	0	1	2.8	1.5	4.5	3.2	2	3	2.35	1.75	3.85	3.25	2.6	3.066666667	2.666666667	3.233333333	2.233333333
7	0	1	4.6575	4.43	4.2	5	5	4.315	4.715	4.715	4.6	4.6	5	4.543333333	4.543333333	4.733333333	4.81
1	0	1	3.75	5	0	5	5	2.5	5	5	2.5	2.5	5	3.333333333	3.333333333	3.333333333	5
3	0	1	3.2525	4.67	0	3.67	4.67	2.335	4.17	4.67	1.835	2.335	4.17	2.78	3.113333333	2.78	4.336666667
8	2	1	4.75	4	5	5	5	4.5	4.5	4.5	5	5	5	4.666666667	4.666666667	5	4.666666667
4	0	1	4.8125	4.25	5	5	5	4.625	4.625	4.625	5	5	5	4.75	4.75	5	4.75
7	0	1	4.035	3.14	5	4	4	4.07	3.57	3.57	4.5	4.5	4	4.046666667	4.046666667	4.333333333	3.713333333
12	0	1	4.56	4.33	4	4.91	5	4.165	4.62	4.665	4.455	4.5	4.955	4.413333333	4.443333333	4.636666667	4.746666667
7	0	1	4.44	3.43	4.5	5	4.83	3.965	4.215	4.13	4.75	4.665	4.915	4.31	4.253333333	4.776666667	4.42
20	0	1	3.1725	2.83	2.55	3.81	3.5	2.69	3.32	3.165	3.18	3.025	3.655	3.063333333	2.96	3.286666667	3.38
26	1	1	2.9775	2.78	2.67	3.46	3	2.725	3.12	2.89	3.065	2.835	3.23	2.97	2.816666667	3.043333333	3.08
15	1	1	4.6975	4.08	5	5	4.71	4.54	4.54	4.395	5	4.855	4.855	4.693333333	4.596666667	4.903333333	4.596666667
7	0	1	3.465	3.86	0	5	5	1.93	4.43	4.43	2.5	2.5	5	2.953333333	2.953333333	3.333333333	4.62
27	0	1	4.4575	4.31	4.11	4.85	4.56	4.21	4.58	4.435	4.48	4.335	4.705	4.423333333	4.326666667	4.506666667	4.573333333
9	2	1	3.6425	3.57	4	3.43	3.57	3.785	3.5	3.57	3.715	3.785	3.5	3.666666667	3.713333333	3.666666667	3.523333333
1	0	1	3.75	5	0	5	5	2.5	5	5	2.5	2.5	5	3.333333333	3.333333333	3.333333333	5
6	3	1	5	5	5	5	5	5	5	5	5	5	5	5	5	5	5
10	0	1	1.5275	1.57	1.57	1.57	1.4	1.57	1.57	1.485	1.57	1.485	1.485	1.57	1.513333333	1.513333333	1.513333333
16	0	1	4.6225	3.63	5	4.86	5	4.315	4.245	4.315	4.93	5	4.93	4.496666667	4.543333333	4.953333333	4.496666667
5	0	1	1.6675	1.67	1	2	2	1.335	1.835	1.835	1.5	1.5	2	1.556666667	1.556666667	1.666666667	1.89
14	0	1	3.85	3	4	4.2	4.2	3.5	3.6	3.6	4.1	4.1	4.2	3.733333333	3.733333333	4.133333333	3.8
3	0	1	3.5025	3.67	3	3.67	3.67	3.335	3.67	3.67	3.335	3.335	3.67	3.446666667	3.446666667	3.446666667	3.67
14	0	1	4.7775	4.36	4.75	5	5	4.555	4.68	4.68	4.875	4.875	5	4.703333333	4.703333333	4.916666667	4.786666667
39	1	1	1.86	1.21	1.78	2.07	2.38	1.495	1.64	1.795	1.925	2.08	2.225	1.686666667	1.79	2.076666667	1.886666667
29	0	1	4.095	3.54	4.14	4.57	4.13	3.84	4.055	3.835	4.355	4.135	4.35	4.083333333	3.936666667	4.28	4.08
1	0	1	3.5	5	0	4	5	2.5	4.5	5	2	2.5	4.5	3	3.333333333	3	4.666666667
5	0	1	4.7	3.8	5	5	5	4.4	4.4	4.4	5	5	5	4.6	4.6	5	4.6
8	0	1	5	5	5	5	5	5	5	5	5	5	5	5	5	5	5
12	0	1	4.0275	3.42	3	4.89	4.8	3.21	4.155	4.11	3.945	3.9	4.845	3.77	3.74	4.23	4.37
4	0	1	5	5	5	5	5	5	5	5	5	5	5	5	5	5	5
2	0	1	3	3	3	3	3	3	3	3	3	3	3	3	3	3	3
1	0	1	3	2	0	5	5	1	3.5	3.5	2.5	2.5	5	2.333333333	2.333333333	3.333333333	4
13	0	1	2.47	2.92	1.8	2.38	2.78	2.36	2.65	2.85	2.09	2.29	2.58	2.366666667	2.5	2.32	2.693333333
6	0	1	4.9	4.6	5	5	5	4.8	4.8	4.8	5	5	5	4.866666667	4.866666667	5	4.866666667
25	0	1	4.99	5	5	4.96	5	5	4.98	5	4.98	5	4.98	4.986666667	5	4.986666667	4.986666667
10	0	1	3.53	2.4	3	4.29	4.43	2.7	3.345	3.415	3.645	3.715	4.36	3.23	3.276666667	3.906666667	3.706666667
1	0	1	1	1	1	1	1	1	1	1	1	1	1	1	1	1	1
5	0	1	2.7125	3.6	1	3.25	3	2.3	3.425	3.3	2.125	2	3.125	2.616666667	2.533333333	2.416666667	3.283333333
1	0	1	4.5	3	5	5	5	4	4	4	5	5	5	4.333333333	4.333333333	5	4.333333333
5	0	1	4.0325	4.8	3	4.33	4	3.9	4.565	4.4	3.665	3.5	4.165	4.043333333	3.933333333	3.776666667	4.376666667
7	0	1	4.5825	4	5	4.33	5	4.5	4.165	4.5	4.665	5	4.665	4.443333333	4.666666667	4.776666667	4.443333333
12	0	1	4.2375	2.7	5	4.25	5	3.85	3.475	3.85	4.625	5	4.625	3.983333333	4.233333333	4.75	3.983333333
1	0	1	4	3	3	5	5	3	4	4	4	4	5	3.666666667	3.666666667	4.333333333	4.333333333
14	0	1	2.8775	2.31	2.6	3.38	3.22	2.455	2.845	2.765	2.99	2.91	3.3	2.763333333	2.71	3.066666667	2.97
1	0	1	3.75	5	0	5	5	2.5	5	5	2.5	2.5	5	3.333333333	3.333333333	3.333333333	5
3	0	1	3.75	5	0	5	5	2.5	5	5	2.5	2.5	5	3.333333333	3.333333333	3.333333333	5
2	1	1	3.75	5	0	5	5	2.5	5	5	2.5	2.5	5	3.333333333	3.333333333	3.333333333	5
2	0	1	3.75	5	0	5	5	2.5	5	5	2.5	2.5	5	3.333333333	3.333333333	3.333333333	5
6	0	1	4.4825	4.33	4.4	5	4.2	4.365	4.665	4.265	4.7	4.3	4.6	4.576666667	4.31	4.533333333	4.51
17	0	1	4.8925	4.75	5	4.88	4.94	4.875	4.815	4.845	4.94	4.97	4.91	4.876666667	4.896666667	4.94	4.856666667
5	0	1	4.0675	4.2	3.67	4.2	4.2	3.935	4.2	4.2	3.935	3.935	4.2	4.023333333	4.023333333	4.023333333	4.2
24	1	1	4.565	3.95	5	4.53	4.78	4.475	4.24	4.365	4.765	4.89	4.655	4.493333333	4.576666667	4.77	4.42
20	1	1	4.475	4.58	4.2	4.33	4.79	4.39	4.455	4.685	4.265	4.495	4.56	4.37	4.523333333	4.44	4.566666667
24	0	1	2.9625	3.22	1.8	3.33	3.5	2.51	3.275	3.36	2.565	2.65	3.415	2.783333333	2.84	2.876666667	3.35
22	0	1	3.99	3.4	3.25	4.69	4.62	3.325	4.045	4.01	3.97	3.935	4.655	3.78	3.756666667	4.186666667	4.236666667
18	0	1	4.21	3.06	5	4.07	4.71	4.03	3.565	3.885	4.535	4.855	4.39	4.043333333	4.256666667	4.593333333	3.946666667
11	0	1	3.3025	3	3	3.71	3.5	3	3.355	3.25	3.355	3.25	3.605	3.236666667	3.166666667	3.403333333	3.403333333
3	0	1	3.75	5	0	5	5	2.5	5	5	2.5	2.5	5	3.333333333	3.333333333	3.333333333	5
3	0	1	5	5	5	5	5	5	5	5	5	5	5	5	5	5	5
13	0	1	4.395	4.42	3.86	4.92	4.38	4.14	4.67	4.4	4.39	4.12	4.65	4.4	4.22	4.386666667	4.573333333
5	0	1	2.85	2.4	1	4.2	3.8	1.7	3.3	3.1	2.6	2.4	4	2.533333333	2.4	3	3.466666667
1	0	1	3.75	5	0	5	5	2.5	5	5	2.5	2.5	5	3.333333333	3.333333333	3.333333333	5
22	1	1	4.44	4.63	3.67	4.83	4.63	4.15	4.73	4.63	4.25	4.15	4.73	4.376666667	4.31	4.376666667	4.696666667
4	0	1	2.7075	1.5	4	3	2.33	2.75	2.25	1.915	3.5	3.165	2.665	2.833333333	2.61	3.11	2.276666667
11	0	1	5	5	5	5	5	5	5	5	5	5	5	5	5	5	5
3	0	1	5	5	5	5	5	5	5	5	5	5	5	5	5	5	5
3	0	1	5	5	5	5	5	5	5	5	5	5	5	5	5	5	5
54	0	1	4.67	4.68	4.52	4.72	4.76	4.6	4.7	4.72	4.62	4.64	4.74	4.64	4.653333333	4.666666667	4.72
1	0	1	4.75	4	5	5	5	4.5	4.5	4.5	5	5	5	4.666666667	4.666666667	5	4.666666667
1	0	1	3.5	4	0	5	5	2	4.5	4.5	2.5	2.5	5	3	3	3.333333333	4.666666667
9	1	1	4.875	4.5	5	5	5	4.75	4.75	4.75	5	5	5	4.833333333	4.833333333	5	4.833333333
9	0	1	5	5	5	5	5	5	5	5	5	5	5	5	5	5	5
4	0	1	4.3125	4.5	3	5	4.75	3.75	4.75	4.625	4	3.875	4.875	4.166666667	4.083333333	4.25	4.75
2	0	1	5	5	5	5	5	5	5	5	5	5	5	5	5	5	5
2	0	1	0.5	1	0	0	1	0.5	0.5	1	0	0.5	0.5	0.3333333333	0.6666666667	0.3333333333	0.6666666667
4	0	1	3.75	5	0	5	5	2.5	5	5	2.5	2.5	5	3.333333333	3.333333333	3.333333333	5
4	0	1	2.625	3	1	3.5	3	2	3.25	3	2.25	2	3.25	2.5	2.333333333	2.5	3.166666667
7	0	1	2.545	2.71	2.33	2.43	2.71	2.52	2.57	2.71	2.38	2.52	2.57	2.49	2.583333333	2.49	2.616666667
4	0	1	4.5825	3.33	5	5	5	4.165	4.165	4.165	5	5	5	4.443333333	4.443333333	5	4.443333333
3	0	1	3.0825	3.33	3	3	3	3.165	3.165	3.165	3	3	3	3.11	3.11	3	3.11
9	0	1	4.8325	4.33	5	5	5	4.665	4.665	4.665	5	5	5	4.776666667	4.776666667	5	4.776666667
3	0	1	3.625	4.5	0	5	5	2.25	4.75	4.75	2.5	2.5	5	3.166666667	3.166666667	3.333333333	4.833333333
7	0	1	3.0825	1.33	1	5	5	1.165	3.165	3.165	3	3	5	2.443333333	2.443333333	3.666666667	3.776666667
3	0	1	4.3325	4.33	4	5	4	4.165	4.665	4.165	4.5	4	4.5	4.443333333	4.11	4.333333333	4.443333333
3	0	1	4.25	3.33	3.67	5	5	3.5	4.165	4.165	4.335	4.335	5	4	4	4.556666667	4.443333333
1	0	1	3.75	5	0	5	5	2.5	5	5	2.5	2.5	5	3.333333333	3.333333333	3.333333333	5
2	0	1	3.625	4.5	0	5	5	2.25	4.75	4.75	2.5	2.5	5	3.166666667	3.166666667	3.333333333	4.833333333
2	0	1	4.5	5	3	5	5	4	5	5	4	4	5	4.333333333	4.333333333	4.333333333	5
3	0	1	3.6675	4.67	0	5	5	2.335	4.835	4.835	2.5	2.5	5	3.223333333	3.223333333	3.333333333	4.89
2	0	1	3.875	4.5	1	5	5	2.75	4.75	4.75	3	3	5	3.5	3.5	3.666666667	4.833333333
4	1	1	4.5625	3.25	5	5	5	4.125	4.125	4.125	5	5	5	4.416666667	4.416666667	5	4.416666667
14	0	1	3.75	3	3	4.5	4.5	3	3.75	3.75	3.75	3.75	4.5	3.5	3.5	4	4
2	0	1	2.75	1	0	5	5	0.5	3	3	2.5	2.5	5	2	2	3.333333333	3.666666667
11	0	1	3.805	3.27	4.2	3.75	4	3.735	3.51	3.635	3.975	4.1	3.875	3.74	3.823333333	3.983333333	3.673333333
13	0	1	4.73	3.92	5	5	5	4.46	4.46	4.46	5	5	5	4.64	4.64	5	4.64
5	0	1	0.25	1	0	0	0	0.5	0.5	0.5	0	0	0	0.3333333333	0.3333333333	0	0.3333333333
5	0	1	2.5	3	1	3	3	2	3	3	2	2	3	2.333333333	2.333333333	2.333333333	3
2	0	1	4.5	4	5	4	5	4.5	4	4.5	4.5	5	4.5	4.333333333	4.666666667	4.666666667	4.333333333
3	0	1	3.4175	3.67	0	5	5	1.835	4.335	4.335	2.5	2.5	5	2.89	2.89	3.333333333	4.556666667
2	0	1	0.75	3	0	0	0	1.5	1.5	1.5	0	0	0	1	1	0	1
4	0	1	3.5	4.75	0	4.75	4.5	2.375	4.75	4.625	2.375	2.25	4.625	3.166666667	3.083333333	3.083333333	4.666666667
5	0	1	3.425	4.2	0	4.5	5	2.1	4.35	4.6	2.25	2.5	4.75	2.9	3.066666667	3.166666667	4.566666667
31	0	1	4.5075	3.03	5	5	5	4.015	4.015	4.015	5	5	5	4.343333333	4.343333333	5	4.343333333
7	0	1	2.6775	3.6	1	3.4	2.71	2.3	3.5	3.155	2.2	1.855	3.055	2.666666667	2.436666667	2.37	3.236666667
1	0	1	0	0	0	0	0	0	0	0	0	0	0	0	0	0	0
1	0	1	4	3	3	5	5	3	4	4	4	4	5	3.666666667	3.666666667	4.333333333	4.333333333
2	0	1	3.5	4	0	5	5	2	4.5	4.5	2.5	2.5	5	3	3	3.333333333	4.666666667
1	0	1	0.25	1	0	0	0	0.5	0.5	0.5	0	0	0	0.3333333333	0.3333333333	0	0.3333333333
5	0	1	2.0825	2	2	1.33	3	2	1.665	2.5	1.665	2.5	2.165	1.776666667	2.333333333	2.11	2.11
3	0	1	2.2075	1.33	1	3.5	3	1.165	2.415	2.165	2.25	2	3.25	1.943333333	1.776666667	2.5	2.61
14	0	1	4.6275	3.93	5	4.58	5	4.465	4.255	4.465	4.79	5	4.79	4.503333333	4.643333333	4.86	4.503333333
2	0	1	5	5	5	5	5	5	5	5	5	5	5	5	5	5	5
2	0	1	0.75	1	1	1	0	1	1	0.5	1	0.5	0.5	1	0.6666666667	0.6666666667	0.6666666667
2	0	1	1	1	1	1	1	1	1	1	1	1	1	1	1	1	1
7	0	1	3.9725	3.14	4	4.75	4	3.57	3.945	3.57	4.375	4	4.375	3.963333333	3.713333333	4.25	3.963333333
3	0	1	4.0025	3.67	5	3.67	3.67	4.335	3.67	3.67	4.335	4.335	3.67	4.113333333	4.113333333	4.113333333	3.67
18	0	1	3.555	3.61	3	3.94	3.67	3.305	3.775	3.64	3.47	3.335	3.805	3.516666667	3.426666667	3.536666667	3.74
2	0	1	4.625	5	3.5	5	5	4.25	5	5	4.25	4.25	5	4.5	4.5	4.5	5
2	0	1	4.5	5	3	5	5	4	5	5	4	4	5	4.333333333	4.333333333	4.333333333	5
31	0	1	4.9475	4.83	5	4.96	5	4.915	4.895	4.915	4.98	5	4.98	4.93	4.943333333	4.986666667	4.93
2	0	1	3.625	4.5	0	5	5	2.25	4.75	4.75	2.5	2.5	5	3.166666667	3.166666667	3.333333333	4.833333333
9	0	1	4.445	4.78	3	5	5	3.89	4.89	4.89	4	4	5	4.26	4.26	4.333333333	4.926666667
6	0	1	3.25	4	5	3	1	4.5	3.5	2.5	4	3	2	4	3.333333333	3	2.666666667
17	0	1	5	5	5	5	5	5	5	5	5	5	5	5	5	5	5
16	0	1	4.8675	4.47	5	5	5	4.735	4.735	4.735	5	5	5	4.823333333	4.823333333	5	4.823333333
3	0	1	3.25	4	0	4	5	2	4	4.5	2	2.5	4.5	2.666666667	3	3	4.333333333
6	0	1	4.7925	4.17	5	5	5	4.585	4.585	4.585	5	5	5	4.723333333	4.723333333	5	4.723333333
2	0	1	3.75	5	0	5	5	2.5	5	5	2.5	2.5	5	3.333333333	3.333333333	3.333333333	5
10	0	1	4.6625	4.4	5	4.25	5	4.7	4.325	4.7	4.625	5	4.625	4.55	4.8	4.75	4.55
34	0	1	3.13	2.94	3.41	3.2	2.97	3.175	3.07	2.955	3.305	3.19	3.085	3.183333333	3.106666667	3.193333333	3.036666667
1	0	1	4.5	4	5	4	5	4.5	4	4.5	4.5	5	4.5	4.333333333	4.666666667	4.666666667	4.333333333
2	0	1	3.75	5	0	5	5	2.5	5	5	2.5	2.5	5	3.333333333	3.333333333	3.333333333	5
2	0	1	2.875	1.5	0	5	5	0.75	3.25	3.25	2.5	2.5	5	2.166666667	2.166666667	3.333333333	3.833333333
1	0	1	3.75	5	0	5	5	2.5	5	5	2.5	2.5	5	3.333333333	3.333333333	3.333333333	5
4	0	1	3.9575	2	4.33	4.5	5	3.165	3.25	3.5	4.415	4.665	4.75	3.61	3.776666667	4.61	3.833333333
3	0	1	4.25	3	5	4	5	4	3.5	4	4.5	5	4.5	4	4.333333333	4.666666667	4
11	0	2	1.8125	1.33	2.5	1.86	1.56	1.915	1.595	1.445	2.18	2.03	1.71	1.896666667	1.796666667	1.973333333	1.583333333
5	0	2	3.5175	3	3.67	4	3.4	3.335	3.5	3.2	3.835	3.535	3.7	3.556666667	3.356666667	3.69	3.466666667
3	0	2	2.33	2.33	2.33	2.33	2.33	2.33	2.33	2.33	2.33	2.33	2.33	2.33	2.33	2.33	2.33
10	0	2	4.925	4.7	5	5	5	4.85	4.85	4.85	5	5	5	4.9	4.9	5	4.9
5	0	2	4.9	4.6	5	5	5	4.8	4.8	4.8	5	5	5	4.866666667	4.866666667	5	4.866666667
12	0	2	5	5	5	5	5	5	5	5	5	5	5	5	5	5	5
61	0	2	4.765	4.83	4.65	4.89	4.69	4.74	4.86	4.76	4.77	4.67	4.79	4.79	4.723333333	4.743333333	4.803333333
14	0	2	4.2125	3.79	4.14	4.54	4.38	3.965	4.165	4.085	4.34	4.26	4.46	4.156666667	4.103333333	4.353333333	4.236666667
9	0	2	4.9175	4.67	5	5	5	4.835	4.835	4.835	5	5	5	4.89	4.89	5	4.89
3	0	2	2.0425	1.67	1	2.5	3	1.335	2.085	2.335	1.75	2	2.75	1.723333333	1.89	2.166666667	2.39
13	0	2	4.8475	4.92	4.64	4.83	5	4.78	4.875	4.96	4.735	4.82	4.915	4.796666667	4.853333333	4.823333333	4.916666667
11	0	2	4.525	3.27	4.83	5	5	4.05	4.135	4.135	4.915	4.915	5	4.366666667	4.366666667	4.943333333	4.423333333
126	4	2	4.2025	4.15	3.69	4.43	4.54	3.92	4.29	4.345	4.06	4.115	4.485	4.09	4.126666667	4.22	4.373333333
2	0	2	3.75	5	0	5	5	2.5	5	5	2.5	2.5	5	3.333333333	3.333333333	3.333333333	5
98	4	2	3.4225	3.52	2.65	3.83	3.69	3.085	3.675	3.605	3.24	3.17	3.76	3.333333333	3.286666667	3.39	3.68
126	0	2	4.945	4.85	4.96	4.97	5	4.905	4.91	4.925	4.965	4.98	4.985	4.926666667	4.936666667	4.976666667	4.94
52	1	2	4.1075	3.32	4.15	4.39	4.57	3.735	3.855	3.945	4.27	4.36	4.48	3.953333333	4.013333333	4.37	4.093333333
32	0	2	3.485	3.4	3	3.82	3.72	3.2	3.61	3.56	3.41	3.36	3.77	3.406666667	3.373333333	3.513333333	3.646666667
72	0	2	4.1725	3.41	4	4.59	4.69	3.705	4	4.05	4.295	4.345	4.64	4	4.033333333	4.426666667	4.23
9	0	2	4.8875	4.88	5	4.67	5	4.94	4.775	4.94	4.835	5	4.835	4.85	4.96	4.89	4.85
13	0	2	4.7875	4.15	5	5	5	4.575	4.575	4.575	5	5	5	4.716666667	4.716666667	5	4.716666667
58	0	2	4.6175	4.07	4.79	4.78	4.83	4.43	4.425	4.45	4.785	4.81	4.805	4.546666667	4.563333333	4.8	4.56
16	1	2	3.86	3.29	3.4	4.08	4.67	3.345	3.685	3.98	3.74	4.035	4.375	3.59	3.786666667	4.05	4.013333333
6	0	2	3.5425	4.17	0	5	5	2.085	4.585	4.585	2.5	2.5	5	3.056666667	3.056666667	3.333333333	4.723333333
46	0	2	3.4425	3.42	2.95	3.14	4.26	3.185	3.28	3.84	3.045	3.605	3.7	3.17	3.543333333	3.45	3.606666667
48	2	2	3.4875	3.65	3.5	3.46	3.34	3.575	3.555	3.495	3.48	3.42	3.4	3.536666667	3.496666667	3.433333333	3.483333333
2	0	2	4.75	4.5	5	4.5	5	4.75	4.5	4.75	4.75	5	4.75	4.666666667	4.833333333	4.833333333	4.666666667
2	0	2	3.25	4	0	4	5	2	4	4.5	2	2.5	4.5	2.666666667	3	3	4.333333333
4	0	2	3.9375	4	3	4.75	4	3.5	4.375	4	3.875	3.5	4.375	3.916666667	3.666666667	3.916666667	4.25
2	0	2	3.5	4.5	0	4.5	5	2.25	4.5	4.75	2.25	2.5	4.75	3	3.166666667	3.166666667	4.666666667
13	0	2	4.885	4.54	5	5	5	4.77	4.77	4.77	5	5	5	4.846666667	4.846666667	5	4.846666667
11	1	2	3.7325	3.6	2.33	4.6	4.4	2.965	4.1	4	3.465	3.365	4.5	3.51	3.443333333	3.776666667	4.2
11	0	2	4.4175	4.5	3.67	4.9	4.6	4.085	4.7	4.55	4.285	4.135	4.75	4.356666667	4.256666667	4.39	4.666666667
25	0	2	3.0925	2.78	3.16	3.55	2.88	2.97	3.165	2.83	3.355	3.02	3.215	3.163333333	2.94	3.196666667	3.07
8	1	2	3.715	4.86	0	5	5	2.43	4.93	4.93	2.5	2.5	5	3.286666667	3.286666667	3.333333333	4.953333333
14	0	2	3.5625	4	2.89	4	3.36	3.445	4	3.68	3.445	3.125	3.68	3.63	3.416666667	3.416666667	3.786666667
12	0	2	4.6425	4.27	4.6	4.7	5	4.435	4.485	4.635	4.65	4.8	4.85	4.523333333	4.623333333	4.766666667	4.656666667
19	0	2	3.96	3.63	3.92	4.35	3.94	3.775	3.99	3.785	4.135	3.93	4.145	3.966666667	3.83	4.07	3.973333333
11	0	2	4.015	3.27	3.67	4.56	4.56	3.47	3.915	3.915	4.115	4.115	4.56	3.833333333	3.833333333	4.263333333	4.13
62	0	2	1.7275	1.65	1.3	2.2	1.76	1.475	1.925	1.705	1.75	1.53	1.98	1.716666667	1.57	1.753333333	1.87
7	0	2	3.605	3.75	1.67	5	4	2.71	4.375	3.875	3.335	2.835	4.5	3.473333333	3.14	3.556666667	4.25
15	0	2	4.6	3.4	5	5	5	4.2	4.2	4.2	5	5	5	4.466666667	4.466666667	5	4.466666667
38	0	2	3.9575	4.36	2.78	4.38	4.31	3.57	4.37	4.335	3.58	3.545	4.345	3.84	3.816666667	3.823333333	4.35
40	0	2	4.89	4.86	5	4.89	4.81	4.93	4.875	4.835	4.945	4.905	4.85	4.916666667	4.89	4.9	4.853333333
1	0	2	3.75	5	0	5	5	2.5	5	5	2.5	2.5	5	3.333333333	3.333333333	3.333333333	5
3	0	2	3.5825	3.33	1	5	5	2.165	4.165	4.165	3	3	5	3.11	3.11	3.666666667	4.443333333
2	0	2	5	5	5	5	5	5	5	5	5	5	5	5	5	5	5
22	0	2	3.2475	3.45	2.27	3.7	3.57	2.86	3.575	3.51	2.985	2.92	3.635	3.14	3.096666667	3.18	3.573333333
43	1	2	3.6475	3.92	3.15	3.89	3.63	3.535	3.905	3.775	3.52	3.39	3.76	3.653333333	3.566666667	3.556666667	3.813333333
3	0	2	4.835	4.67	5	4.67	5	4.835	4.67	4.835	4.835	5	4.835	4.78	4.89	4.89	4.78
139	8	2	2.775	3.07	2.13	3.06	2.84	2.6	3.065	2.955	2.595	2.485	2.95	2.753333333	2.68	2.676666667	2.99
111	1	2	3.695	2.89	3.46	4.17	4.26	3.175	3.53	3.575	3.815	3.86	4.215	3.506666667	3.536666667	3.963333333	3.773333333
30	0	2	3.2125	2.38	3.18	3.88	3.41	2.78	3.13	2.895	3.53	3.295	3.645	3.146666667	2.99	3.49	3.223333333
53	0	2	3.685	3.29	2.85	4.6	4	3.07	3.945	3.645	3.725	3.425	4.3	3.58	3.38	3.816666667	3.963333333
77	0	2	3.495	3.19	2.52	3.85	4.42	2.855	3.52	3.805	3.185	3.47	4.135	3.186666667	3.376666667	3.596666667	3.82
46	0	2	4.76	4.04	5	5	5	4.52	4.52	4.52	5	5	5	4.68	4.68	5	4.68
1	0	2	3.75	5	0	5	5	2.5	5	5	2.5	2.5	5	3.333333333	3.333333333	3.333333333	5
21	0	2	3.9975	3	4.2	4.33	4.46	3.6	3.665	3.73	4.265	4.33	4.395	3.843333333	3.886666667	4.33	3.93
20	0	2	3.7325	3.8	3.25	3.88	4	3.525	3.84	3.9	3.565	3.625	3.94	3.643333333	3.683333333	3.71	3.893333333
6	0	2	3.5425	4.17	0	5	5	2.085	4.585	4.585	2.5	2.5	5	3.056666667	3.056666667	3.333333333	4.723333333
27	0	2	3.29	3.21	2.63	3.74	3.58	2.92	3.475	3.395	3.185	3.105	3.66	3.193333333	3.14	3.316666667	3.51
21	0	2	2.7725	2.26	1.67	3.69	3.47	1.965	2.975	2.865	2.68	2.57	3.58	2.54	2.466666667	2.943333333	3.14
17	0	2	4.9375	4.75	5	5	5	4.875	4.875	4.875	5	5	5	4.916666667	4.916666667	5	4.916666667
14	0	2	3.3725	3.54	2.5	3	4.45	3.02	3.27	3.995	2.75	3.475	3.725	3.013333333	3.496666667	3.316666667	3.663333333
17	0	2	4.8825	4.53	5	5	5	4.765	4.765	4.765	5	5	5	4.843333333	4.843333333	5	4.843333333
14	0	2	3.25	3.43	2.71	3.5	3.36	3.07	3.465	3.395	3.105	3.035	3.43	3.213333333	3.166666667	3.19	3.43
23	0	2	1.8	1.71	1.36	1.88	2.25	1.535	1.795	1.98	1.62	1.805	2.065	1.65	1.773333333	1.83	1.946666667
26	0	2	4.15	4.18	2.6	4.88	4.94	3.39	4.53	4.56	3.74	3.77	4.91	3.886666667	3.906666667	4.14	4.666666667
112	1	2	3.94	3.88	3.85	3.87	4.16	3.865	3.875	4.02	3.86	4.005	4.015	3.866666667	3.963333333	3.96	3.97
8	0	2	4.5725	3.29	5	5	5	4.145	4.145	4.145	5	5	5	4.43	4.43	5	4.43
82	0	2	4.205	3.86	4.28	4.21	4.47	4.07	4.035	4.165	4.245	4.375	4.34	4.116666667	4.203333333	4.32	4.18
9	1	2	3.245	2.38	3	3.4	4.2	2.69	2.89	3.29	3.2	3.6	3.8	2.926666667	3.193333333	3.533333333	3.326666667
17	0	2	4.49	3.25	4.83	4.88	5	4.04	4.065	4.125	4.855	4.915	4.94	4.32	4.36	4.903333333	4.376666667
8	0	2	4.97	4.88	5	5	5	4.94	4.94	4.94	5	5	5	4.96	4.96	5	4.96
5	0	2	4.675	4.5	5	5	4.2	4.75	4.75	4.35	5	4.6	4.6	4.833333333	4.566666667	4.733333333	4.566666667
19	1	2	4.7175	4.25	4.83	4.79	5	4.54	4.52	4.625	4.81	4.915	4.895	4.623333333	4.693333333	4.873333333	4.68
51	0	2	4.3125	3.18	4.63	4.75	4.69	3.905	3.965	3.935	4.69	4.66	4.72	4.186666667	4.166666667	4.69	4.206666667
13	0	2	4.5075	3.58	5	5	4.45	4.29	4.29	4.015	5	4.725	4.725	4.526666667	4.343333333	4.816666667	4.343333333
58	0	2	3.1875	3.37	2.44	3.19	3.75	2.905	3.28	3.56	2.815	3.095	3.47	3	3.186666667	3.126666667	3.436666667
8	0	2	4.615	4.63	4.33	5	4.5	4.48	4.815	4.565	4.665	4.415	4.75	4.653333333	4.486666667	4.61	4.71
46	0	2	3.1325	3	2.44	3.69	3.4	2.72	3.345	3.2	3.065	2.92	3.545	3.043333333	2.946666667	3.176666667	3.363333333
10	0	2	3.145	2.38	3	4	3.2	2.69	3.19	2.79	3.5	3.1	3.6	3.126666667	2.86	3.4	3.193333333
10	1	2	2.45	2.63	1	2.57	3.6	1.815	2.6	3.115	1.785	2.3	3.085	2.066666667	2.41	2.39	2.933333333
19	2	2	1.7725	2.53	1	1.29	2.27	1.765	1.91	2.4	1.145	1.635	1.78	1.606666667	1.933333333	1.52	2.03
17	0	2	4.0825	4	3	4.6	4.73	3.5	4.3	4.365	3.8	3.865	4.665	3.866666667	3.91	4.11	4.443333333
3	0	2	3.75	5	0	5	5	2.5	5	5	2.5	2.5	5	3.333333333	3.333333333	3.333333333	5
2	0	2	5	5	5	5	5	5	5	5	5	5	5	5	5	5	5
52	0	2	4.825	4.77	4.67	4.96	4.9	4.72	4.865	4.835	4.815	4.785	4.93	4.8	4.78	4.843333333	4.876666667
20	0	2	3.665	3.79	3.4	3.65	3.82	3.595	3.72	3.805	3.525	3.61	3.735	3.613333333	3.67	3.623333333	3.753333333
36	0	2	3.9125	3.26	3.86	4.22	4.31	3.56	3.74	3.785	4.04	4.085	4.265	3.78	3.81	4.13	3.93
88	0	2	4.8725	4.91	4.68	4.95	4.95	4.795	4.93	4.93	4.815	4.815	4.95	4.846666667	4.846666667	4.86	4.936666667
83	0	2	4.6775	4.7	4.44	4.79	4.78	4.57	4.745	4.74	4.615	4.61	4.785	4.643333333	4.64	4.67	4.756666667
49	0	2	4.5025	4.57	4.1	4.62	4.72	4.335	4.595	4.645	4.36	4.41	4.67	4.43	4.463333333	4.48	4.636666667
2	0	2	5	5	5	5	5	5	5	5	5	5	5	5	5	5	5
17	0	2	4.4225	3.12	5	4.57	5	4.06	3.845	4.06	4.785	5	4.785	4.23	4.373333333	4.856666667	4.23
23	0	2	3.7675	3.53	3.58	4.12	3.84	3.555	3.825	3.685	3.85	3.71	3.98	3.743333333	3.65	3.846666667	3.83
41	0	2	4.445	3.43	4.56	4.96	4.83	3.995	4.195	4.13	4.76	4.695	4.895	4.316666667	4.273333333	4.783333333	4.406666667
78	1	2	3.3775	2.7	3.74	3.6	3.47	3.22	3.15	3.085	3.67	3.605	3.535	3.346666667	3.303333333	3.603333333	3.256666667
21	0	2	4.33	4.4	4.29	4.13	4.5	4.345	4.265	4.45	4.21	4.395	4.315	4.273333333	4.396666667	4.306666667	4.343333333
14	0	2	4.845	4.69	5	4.69	5	4.845	4.69	4.845	4.845	5	4.845	4.793333333	4.896666667	4.896666667	4.793333333
11	0	2	2.7475	2.22	2.5	3.45	2.82	2.36	2.835	2.52	2.975	2.66	3.135	2.723333333	2.513333333	2.923333333	2.83
88	0	2	4.495	4.13	4.41	4.76	4.68	4.27	4.445	4.405	4.585	4.545	4.72	4.433333333	4.406666667	4.616666667	4.523333333
47	2	2	2.92	2.73	1.57	3.86	3.52	2.15	3.295	3.125	2.715	2.545	3.69	2.72	2.606666667	2.983333333	3.37
36	2	2	4.2575	4.52	3.8	4.41	4.3	4.16	4.465	4.41	4.105	4.05	4.355	4.243333333	4.206666667	4.17	4.41
78	2	2	4.5175	4.19	4.35	4.69	4.84	4.27	4.44	4.515	4.52	4.595	4.765	4.41	4.46	4.626666667	4.573333333
10	1	2	3.0275	5	0	2.11	5	2.5	3.555	5	1.055	2.5	3.555	2.37	3.333333333	2.37	4.036666667
10	3	2	3.3075	2.56	3.67	3.29	3.71	3.115	2.925	3.135	3.48	3.69	3.5	3.173333333	3.313333333	3.556666667	3.186666667
3	0	2	4.835	4.67	5	4.67	5	4.835	4.67	4.835	4.835	5	4.835	4.78	4.89	4.89	4.78
21	3	2	3.1375	3.08	1.8	3.56	4.11	2.44	3.32	3.595	2.68	2.955	3.835	2.813333333	2.996666667	3.156666667	3.583333333
12	0	2	4.2375	4.67	4	3.5	4.78	4.335	4.085	4.725	3.75	4.39	4.14	4.056666667	4.483333333	4.093333333	4.316666667
4	0	2	3.4375	3.75	0	5	5	1.875	4.375	4.375	2.5	2.5	5	2.916666667	2.916666667	3.333333333	4.583333333
3	0	2	4.4175	2.67	5	5	5	3.835	3.835	3.835	5	5	5	4.223333333	4.223333333	5	4.223333333
19	0	2	3.9125	4.15	3.29	4.29	3.92	3.72	4.22	4.035	3.79	3.605	4.105	3.91	3.786666667	3.833333333	4.12
3	1	2	1	1	1	1	1	1	1	1	1	1	1	1	1	1	1
3	0	2	2.1675	1.67	1	3	3	1.335	2.335	2.335	2	2	3	1.89	1.89	2.333333333	2.556666667
2	0	2	2.5	2.5	2.5	2.5	2.5	2.5	2.5	2.5	2.5	2.5	2.5	2.5	2.5	2.5	2.5
16	0	2	4.1575	4.13	4.43	3.93	4.14	4.28	4.03	4.135	4.18	4.285	4.035	4.163333333	4.233333333	4.166666667	4.066666667
22	0	2	4.93	4.77	5	4.95	5	4.885	4.86	4.885	4.975	5	4.975	4.906666667	4.923333333	4.983333333	4.906666667
4	0	2	4.625	5	4	4.75	4.75	4.5	4.875	4.875	4.375	4.375	4.75	4.583333333	4.583333333	4.5	4.833333333
6	0	2	3.3375	3.6	1.5	4.25	4	2.55	3.925	3.8	2.875	2.75	4.125	3.116666667	3.033333333	3.25	3.95
7	0	2	4.7475	4.57	5	4.71	4.71	4.785	4.64	4.64	4.855	4.855	4.71	4.76	4.76	4.806666667	4.663333333
50	3	2	4.3975	4.33	3.92	4.62	4.72	4.125	4.475	4.525	4.27	4.32	4.67	4.29	4.323333333	4.42	4.556666667
2	0	2	5	5	5	5	5	5	5	5	5	5	5	5	5	5	5
8	0	2	3.1175	2.67	0	4.8	5	1.335	3.735	3.835	2.4	2.5	4.9	2.49	2.556666667	3.266666667	4.156666667
7	0	2	2.5	2	2.2	3.2	2.6	2.1	2.6	2.3	2.7	2.4	2.9	2.466666667	2.266666667	2.666666667	2.6
19	0	2	4.86	4.5	5	5	4.94	4.75	4.75	4.72	5	4.97	4.97	4.833333333	4.813333333	4.98	4.813333333
10	0	2	3.98	2.63	5	5	3.29	3.815	3.815	2.96	5	4.145	4.145	4.21	3.64	4.43	3.64
6	0	2	3.225	3	3.5	3.6	2.8	3.25	3.3	2.9	3.55	3.15	3.2	3.366666667	3.1	3.3	3.133333333
86	0	2	4.755	4.7	4.7	4.81	4.81	4.7	4.755	4.755	4.755	4.755	4.81	4.736666667	4.736666667	4.773333333	4.773333333
39	0	2	4.82	4.94	4.69	4.65	5	4.815	4.795	4.97	4.67	4.845	4.825	4.76	4.876666667	4.78	4.863333333
7	0	2	4.8325	4.33	5	5	5	4.665	4.665	4.665	5	5	5	4.776666667	4.776666667	5	4.776666667
39	0	2	3.7	3.56	2.56	4.35	4.33	3.06	3.955	3.945	3.455	3.445	4.34	3.49	3.483333333	3.746666667	4.08
5	0	2	4.7	3.8	5	5	5	4.4	4.4	4.4	5	5	5	4.6	4.6	5	4.6
5	2	2	4.125	4.25	4	4	4.25	4.125	4.125	4.25	4	4.125	4.125	4.083333333	4.166666667	4.083333333	4.166666667
6	0	2	2.565	2.33	2.33	3	2.6	2.33	2.665	2.465	2.665	2.465	2.8	2.553333333	2.42	2.643333333	2.643333333
6	0	2	3.9	3.4	4	4	4.2	3.7	3.7	3.8	4	4.1	4.1	3.8	3.866666667	4.066666667	3.866666667
3	0	2	4.75	4	5	5	5	4.5	4.5	4.5	5	5	5	4.666666667	4.666666667	5	4.666666667
8	0	2	3.69	4.29	3	3.14	4.33	3.645	3.715	4.31	3.07	3.665	3.735	3.476666667	3.873333333	3.49	3.92
6	0	2	4.625	3.83	5	4.67	5	4.415	4.25	4.415	4.835	5	4.835	4.5	4.61	4.89	4.5
5	0	2	3.75	5	0	5	5	2.5	5	5	2.5	2.5	5	3.333333333	3.333333333	3.333333333	5
39	0	2	2.53	3.2	2	1.86	3.06	2.6	2.53	3.13	1.93	2.53	2.46	2.353333333	2.753333333	2.306666667	2.706666667
15	0	2	3.8225	4.23	3.4	4.23	3.43	3.815	4.23	3.83	3.815	3.415	3.83	3.953333333	3.686666667	3.686666667	3.963333333
38	0	2	4.19	3.53	4.69	4.22	4.32	4.11	3.875	3.925	4.455	4.505	4.27	4.146666667	4.18	4.41	4.023333333
1	0	2	2.25	3	0	1	5	1.5	2	4	0.5	2.5	3	1.333333333	2.666666667	2	3
4	0	2	4.6875	3.75	5	5	5	4.375	4.375	4.375	5	5	5	4.583333333	4.583333333	5	4.583333333
5	0	2	3.0625	2.25	0	5	5	1.125	3.625	3.625	2.5	2.5	5	2.416666667	2.416666667	3.333333333	4.083333333
3	0	2	4.75	5	4	5	5	4.5	5	5	4.5	4.5	5	4.666666667	4.666666667	4.666666667	5
4	0	2	3.355	3.67	1	5	3.75	2.335	4.335	3.71	3	2.375	4.375	3.223333333	2.806666667	3.25	4.14
41	0	2	3.64	3.83	3.07	4.08	3.58	3.45	3.955	3.705	3.575	3.325	3.83	3.66	3.493333333	3.576666667	3.83
2	0	2	3.75	5	0	5	5	2.5	5	5	2.5	2.5	5	3.333333333	3.333333333	3.333333333	5
9	0	2	4.24	4.78	3.4	4.67	4.11	4.09	4.725	4.445	4.035	3.755	4.39	4.283333333	4.096666667	4.06	4.52
1	0	2	3.5	5	0	4	5	2.5	4.5	5	2	2.5	4.5	3	3.333333333	3	4.666666667
24	4	2	3.2825	3.38	3	3.35	3.4	3.19	3.365	3.39	3.175	3.2	3.375	3.243333333	3.26	3.25	3.376666667
4	1	2	1.4575	1.33	1	1.5	2	1.165	1.415	1.665	1.25	1.5	1.75	1.276666667	1.443333333	1.5	1.61
1	0	2	5	5	5	5	5	5	5	5	5	5	5	5	5	5	5
4	0	2	4.5425	4.5	4.67	4.75	4.25	4.585	4.625	4.375	4.71	4.46	4.5	4.64	4.473333333	4.556666667	4.5
6	0	2	3.5825	3.33	3	4	4	3.165	3.665	3.665	3.5	3.5	4	3.443333333	3.443333333	3.666666667	3.776666667
11	0	2	3.975	2.9	3	5	5	2.95	3.95	3.95	4	4	5	3.633333333	3.633333333	4.333333333	4.3
8	0	2	4.6875	3.75	5	5	5	4.375	4.375	4.375	5	5	5	4.583333333	4.583333333	5	4.583333333
2	0	2	1.75	1.5	1	2	2.5	1.25	1.75	2	1.5	1.75	2.25	1.5	1.666666667	1.833333333	2
1	0	2	3.5	4	0	5	5	2	4.5	4.5	2.5	2.5	5	3	3	3.333333333	4.666666667
5	0	2	5	5	5	5	5	5	5	5	5	5	5	5	5	5	5
1	0	2	4.25	4	4	4	5	4	4	4.5	4	4.5	4.5	4	4.333333333	4.333333333	4.333333333
2	0	2	4.375	3	5	5	4.5	4	4	3.75	5	4.75	4.75	4.333333333	4.166666667	4.833333333	4.166666667
1	0	2	3.75	5	0	5	5	2.5	5	5	2.5	2.5	5	3.333333333	3.333333333	3.333333333	5
8	0	3	2.02	1.75	1.33	3.29	1.71	1.54	2.52	1.73	2.31	1.52	2.5	2.123333333	1.596666667	2.11	2.25
23	0	3	2.04	2.22	1.42	1.81	2.71	1.82	2.015	2.465	1.615	2.065	2.26	1.816666667	2.116666667	1.98	2.246666667
11	0	3	4.02	4	3.86	4.11	4.11	3.93	4.055	4.055	3.985	3.985	4.11	3.99	3.99	4.026666667	4.073333333
152	1	3	4.535	4.54	4.46	4.6	4.54	4.5	4.57	4.54	4.53	4.5	4.57	4.533333333	4.513333333	4.533333333	4.56
39	0	3	3.39	3.83	2.92	3.49	3.32	3.375	3.66	3.575	3.205	3.12	3.405	3.413333333	3.356666667	3.243333333	3.546666667
52	2	3	4.215	4.22	4.18	4.08	4.38	4.2	4.15	4.3	4.13	4.28	4.23	4.16	4.26	4.213333333	4.226666667
41	0	3	4.1975	3.58	3.75	4.69	4.77	3.665	4.135	4.175	4.22	4.26	4.73	4.006666667	4.033333333	4.403333333	4.346666667
52	0	3	3.6925	2.12	3.72	4.42	4.51	2.92	3.27	3.315	4.07	4.115	4.465	3.42	3.45	4.216666667	3.683333333
6	0	3	4.665	5	5	4.33	4.33	5	4.665	4.665	4.665	4.665	4.33	4.776666667	4.776666667	4.553333333	4.553333333
6	0	3	3.45	4	0	4.8	5	2	4.4	4.5	2.4	2.5	4.9	2.933333333	3	3.266666667	4.6
52	0	3	3.3825	2.92	2.37	4.4	3.84	2.645	3.66	3.38	3.385	3.105	4.12	3.23	3.043333333	3.536666667	3.72
95	1	3	1.7625	2.04	1.19	2.2	1.62	1.615	2.12	1.83	1.695	1.405	1.91	1.81	1.616666667	1.67	1.953333333
30	0	3	4.045	3.63	3.73	4.41	4.41	3.68	4.02	4.02	4.07	4.07	4.41	3.923333333	3.923333333	4.183333333	4.15
15	0	3	5	5	5	5	5	5	5	5	5	5	5	5	5	5	5
166	1	3	3.3225	3.45	2.99	3.25	3.6	3.22	3.35	3.525	3.12	3.295	3.425	3.23	3.346666667	3.28	3.433333333
4	0	3	3.625	5	0	4.5	5	2.5	4.75	5	2.25	2.5	4.75	3.166666667	3.333333333	3.166666667	4.833333333
49	0	3	4.9475	4.79	5	5	5	4.895	4.895	4.895	5	5	5	4.93	4.93	5	4.93
41	1	3	2.9525	2.92	2.84	2.97	3.08	2.88	2.945	3	2.905	2.96	3.025	2.91	2.946666667	2.963333333	2.99
15	0	3	4.9325	4.73	5	5	5	4.865	4.865	4.865	5	5	5	4.91	4.91	5	4.91
100	7	3	4.42	3.96	4.33	4.68	4.71	4.145	4.32	4.335	4.505	4.52	4.695	4.323333333	4.333333333	4.573333333	4.45
33	0	3	4.3325	3.47	4.56	4.63	4.67	4.015	4.05	4.07	4.595	4.615	4.65	4.22	4.233333333	4.62	4.256666667
11	0	3	3.2425	2.8	2.5	3.29	4.38	2.65	3.045	3.59	2.895	3.44	3.835	2.863333333	3.226666667	3.39	3.49
43	0	3	4.7825	4.72	4.71	4.8	4.9	4.715	4.76	4.81	4.755	4.805	4.85	4.743333333	4.776666667	4.803333333	4.806666667
22	0	3	3.585	3.48	3.53	3.52	3.81	3.505	3.5	3.645	3.525	3.67	3.665	3.51	3.606666667	3.62	3.603333333
11	0	3	4.31	4.45	4.29	4.2	4.3	4.37	4.325	4.375	4.245	4.295	4.25	4.313333333	4.346666667	4.263333333	4.316666667
130	0	3	3.8875	3.41	3.65	4.27	4.22	3.53	3.84	3.815	3.96	3.935	4.245	3.776666667	3.76	4.046666667	3.966666667
47	0	3	4.7175	4.16	4.71	5	5	4.435	4.58	4.58	4.855	4.855	5	4.623333333	4.623333333	4.903333333	4.72
18	0	3	5	5	5	5	5	5	5	5	5	5	5	5	5	5	5
123	0	3	3.335	2.92	2.96	3.85	3.61	2.94	3.385	3.265	3.405	3.285	3.73	3.243333333	3.163333333	3.473333333	3.46
27	0	3	4.5375	4.23	4.54	4.69	4.69	4.385	4.46	4.46	4.615	4.615	4.69	4.486666667	4.486666667	4.64	4.536666667
29	0	3	3.9025	4.21	1.8	4.74	4.86	3.005	4.475	4.535	3.27	3.33	4.8	3.583333333	3.623333333	3.8	4.603333333
8	0	3	3.685	4.88	0	4.86	5	2.44	4.87	4.94	2.43	2.5	4.93	3.246666667	3.293333333	3.286666667	4.913333333
84	0	3	2.58	1.76	2.23	3.48	2.85	1.995	2.62	2.305	2.855	2.54	3.165	2.49	2.28	2.853333333	2.696666667
19	0	3	3.5825	3.78	2.78	3.94	3.83	3.28	3.86	3.805	3.36	3.305	3.885	3.5	3.463333333	3.516666667	3.85
39	0	3	4.7875	4.84	4.56	4.86	4.89	4.7	4.85	4.865	4.71	4.725	4.875	4.753333333	4.763333333	4.77	4.863333333
66	0	3	3.9175	3.38	3.81	4.23	4.25	3.595	3.805	3.815	4.02	4.03	4.24	3.806666667	3.813333333	4.096666667	3.953333333
9	0	3	3.0275	2.11	1	4.5	4.5	1.555	3.305	3.305	2.75	2.75	4.5	2.536666667	2.536666667	3.333333333	3.703333333
29	0	3	4.1075	4.09	4	4.16	4.18	4.045	4.125	4.135	4.08	4.09	4.17	4.083333333	4.09	4.113333333	4.143333333
67	4	3	3.025	2.95	2.53	3.18	3.44	2.74	3.065	3.195	2.855	2.985	3.31	2.886666667	2.973333333	3.05	3.19
19	0	3	4.9875	4.95	5	5	5	4.975	4.975	4.975	5	5	5	4.983333333	4.983333333	5	4.983333333
14	0	3	4.6925	3.77	5	5	5	4.385	4.385	4.385	5	5	5	4.59	4.59	5	4.59
17	0	3	3.7975	3.56	3.13	4.36	4.14	3.345	3.96	3.85	3.745	3.635	4.25	3.683333333	3.61	3.876666667	4.02
9	0	3	3.61	4.44	0	5	5	2.22	4.72	4.72	2.5	2.5	5	3.146666667	3.146666667	3.333333333	4.813333333
111	0	3	4.59	4.39	4.67	4.66	4.64	4.53	4.525	4.515	4.665	4.655	4.65	4.573333333	4.566666667	4.656666667	4.563333333
10	0	3	3.9975	4.1	3	4.78	4.11	3.55	4.44	4.105	3.89	3.555	4.445	3.96	3.736666667	3.963333333	4.33
29	0	3	4.4575	4.12	4.37	4.71	4.63	4.245	4.415	4.375	4.54	4.5	4.67	4.4	4.373333333	4.57	4.486666667
16	1	3	3.4425	3.07	2.5	4.4	3.8	2.785	3.735	3.435	3.45	3.15	4.1	3.323333333	3.123333333	3.566666667	3.756666667
8	0	3	2.545	1.88	0	3.8	4.5	0.94	2.84	3.19	1.9	2.25	4.15	1.893333333	2.126666667	2.766666667	3.393333333
12	0	3	3.7325	3.36	3	3.86	4.71	3.18	3.61	4.035	3.43	3.855	4.285	3.406666667	3.69	3.856666667	3.976666667
6	0	3	4.9575	4.83	5	5	5	4.915	4.915	4.915	5	5	5	4.943333333	4.943333333	5	4.943333333
9	0	3	4.64	3.56	5	5	5	4.28	4.28	4.28	5	5	5	4.52	4.52	5	4.52
5	0	3	3.1	2.4	0	5	5	1.2	3.7	3.7	2.5	2.5	5	2.466666667	2.466666667	3.333333333	4.133333333
2	0	3	3.625	4.5	0	5	5	2.25	4.75	4.75	2.5	2.5	5	3.166666667	3.166666667	3.333333333	4.833333333
6	0	3	3.25	3.67	1	4.33	4	2.335	4	3.835	2.665	2.5	4.165	3	2.89	3.11	4
5	0	3	5	5	5	5	5	5	5	5	5	5	5	5	5	5	5
42	0	3	4.725	4.75	4.45	4.84	4.86	4.6	4.795	4.805	4.645	4.655	4.85	4.68	4.686666667	4.716666667	4.816666667
13	0	3	4.6125	4.64	4	4.9	4.91	4.32	4.77	4.775	4.45	4.455	4.905	4.513333333	4.516666667	4.603333333	4.816666667
85	3	4	4.905	4.67	5	5	4.95	4.835	4.835	4.81	5	4.975	4.975	4.89	4.873333333	4.983333333	4.873333333
27	0	4	4.935	4.81	5	5	4.93	4.905	4.905	4.87	5	4.965	4.965	4.936666667	4.913333333	4.976666667	4.913333333
17	0	4	4.72	4.59	4.29	5	5	4.44	4.795	4.795	4.645	4.645	5	4.626666667	4.626666667	4.763333333	4.863333333
33	0	4	4.655	4.7	4.2	4.86	4.86	4.45	4.78	4.78	4.53	4.53	4.86	4.586666667	4.586666667	4.64	4.806666667
28	0	4	4.63	3.78	4.86	4.88	5	4.32	4.33	4.39	4.87	4.93	4.94	4.506666667	4.546666667	4.913333333	4.553333333
74	1	4	4.28	4.06	3.88	4.57	4.61	3.97	4.315	4.335	4.225	4.245	4.59	4.17	4.183333333	4.353333333	4.413333333
11	1	4	3.32	4.5	1	4	3.78	2.75	4.25	4.14	2.5	2.39	3.89	3.166666667	3.093333333	2.926666667	4.093333333
10	0	4	2.805	3.33	1	3.78	3.11	2.165	3.555	3.22	2.39	2.055	3.445	2.703333333	2.48	2.63	3.406666667
6	2	4	4.395	3.33	4.5	4.75	5	3.915	4.04	4.165	4.625	4.75	4.875	4.193333333	4.276666667	4.75	4.36
46	0	4	3.595	4.33	2.62	3.28	4.15	3.475	3.805	4.24	2.95	3.385	3.715	3.41	3.7	3.35	3.92
41	0	4	4.1375	3.03	4.5	4.47	4.55	3.765	3.75	3.79	4.485	4.525	4.51	4	4.026666667	4.506666667	4.016666667
92	1	4	4.1075	4.12	3.75	4.57	3.99	3.935	4.345	4.055	4.16	3.87	4.28	4.146666667	3.953333333	4.103333333	4.226666667
20	0	4	3.925	3.17	3.89	4.33	4.31	3.53	3.75	3.74	4.11	4.1	4.32	3.796666667	3.79	4.176666667	3.936666667
99	0	4	3.9725	3.12	4	4.43	4.34	3.56	3.775	3.73	4.215	4.17	4.385	3.85	3.82	4.256666667	3.963333333
55	0	4	3.2225	2.23	2.72	3.63	4.31	2.475	2.93	3.27	3.175	3.515	3.97	2.86	3.086666667	3.553333333	3.39
36	0	4	4.7075	4.56	4.7	4.83	4.74	4.63	4.695	4.65	4.765	4.72	4.785	4.696666667	4.666666667	4.756666667	4.71
16	0	4	4.66	4.06	5	4.58	5	4.53	4.32	4.53	4.79	5	4.79	4.546666667	4.686666667	4.86	4.546666667
25	0	4	4.98	4.96	5	4.96	5	4.98	4.96	4.98	4.98	5	4.98	4.973333333	4.986666667	4.986666667	4.973333333
10	0	4	3.8025	3.44	3.75	3.89	4.13	3.595	3.665	3.785	3.82	3.94	4.01	3.693333333	3.773333333	3.923333333	3.82
48	0	4	4.9575	4.85	5	4.98	5	4.925	4.915	4.925	4.99	5	4.99	4.943333333	4.95	4.993333333	4.943333333
21	0	4	4.7375	4.65	4.6	4.85	4.85	4.625	4.75	4.75	4.725	4.725	4.85	4.7	4.7	4.766666667	4.783333333
65	0	4	4.4475	4.24	4.33	4.68	4.54	4.285	4.46	4.39	4.505	4.435	4.61	4.416666667	4.37	4.516666667	4.486666667
84	0	4	4.805	4.32	4.97	4.93	5	4.645	4.625	4.66	4.95	4.985	4.965	4.74	4.763333333	4.966666667	4.75
14	1	4	3.8325	3.33	3	4.55	4.45	3.165	3.94	3.89	3.775	3.725	4.5	3.626666667	3.593333333	4	4.11
22	0	4	3.01	3.06	2.6	3.25	3.13	2.83	3.155	3.095	2.925	2.865	3.19	2.97	2.93	2.993333333	3.146666667
88	0	4	3.7475	2.84	3.76	4.37	4.02	3.3	3.605	3.43	4.065	3.89	4.195	3.656666667	3.54	4.05	3.743333333
118	0	4	2.79	2.92	1.67	4.07	2.5	2.295	3.495	2.71	2.87	2.085	3.285	2.886666667	2.363333333	2.746666667	3.163333333
11	0	4	2.845	2.7	2.2	3.3	3.18	2.45	3	2.94	2.75	2.69	3.24	2.733333333	2.693333333	2.893333333	3.06
37	0	4	4.8475	4.64	4.81	5	4.94	4.725	4.82	4.79	4.905	4.875	4.97	4.816666667	4.796666667	4.916666667	4.86
43	0	4	2.9525	3.05	2.36	3.57	2.83	2.705	3.31	2.94	2.965	2.595	3.2	2.993333333	2.746666667	2.92	3.15
77	24	4	4.1525	4.16	4.03	4.29	4.13	4.095	4.225	4.145	4.16	4.08	4.21	4.16	4.106666667	4.15	4.193333333
33	0	4	4.48	4.29	4.56	4.37	4.7	4.425	4.33	4.495	4.465	4.63	4.535	4.406666667	4.516666667	4.543333333	4.453333333
21	0	4	4.2375	4.7	3	4.75	4.5	3.85	4.725	4.6	3.875	3.75	4.625	4.15	4.066666667	4.083333333	4.65
31	0	4	4.6675	4.75	4.5	4.58	4.84	4.625	4.665	4.795	4.54	4.67	4.71	4.61	4.696666667	4.64	4.723333333
16	0	4	4.2225	4.4	3.8	4.33	4.36	4.1	4.365	4.38	4.065	4.08	4.345	4.176666667	4.186666667	4.163333333	4.363333333
38	0	4	4.9675	4.87	5	5	5	4.935	4.935	4.935	5	5	5	4.956666667	4.956666667	5	4.956666667
34	0	4	2.63	1.72	1.55	3.67	3.58	1.635	2.695	2.65	2.61	2.565	3.625	2.313333333	2.283333333	2.933333333	2.99
97	2	4	4.78	4.63	4.76	4.87	4.86	4.695	4.75	4.745	4.815	4.81	4.865	4.753333333	4.75	4.83	4.786666667
8	0	4	4.625	3.5	5	5	5	4.25	4.25	4.25	5	5	5	4.5	4.5	5	4.5
25	1	4	4.72	4.33	5	4.61	4.94	4.665	4.47	4.635	4.805	4.97	4.775	4.646666667	4.756666667	4.85	4.626666667
51	0	4	2.9625	2.44	2.3	3.49	3.62	2.37	2.965	3.03	2.895	2.96	3.555	2.743333333	2.786666667	3.136666667	3.183333333
92	0	4	4.7025	4.19	4.8	4.91	4.91	4.495	4.55	4.55	4.855	4.855	4.91	4.633333333	4.633333333	4.873333333	4.67
8	0	4	2.87	3.14	1	3.67	3.67	2.07	3.405	3.405	2.335	2.335	3.67	2.603333333	2.603333333	2.78	3.493333333
9	2	4	3.3875	3.88	0	4.67	5	1.94	4.275	4.44	2.335	2.5	4.835	2.85	2.96	3.223333333	4.516666667
102	2	4	3.7075	3.7	3.07	4.01	4.05	3.385	3.855	3.875	3.54	3.56	4.03	3.593333333	3.606666667	3.71	3.92
10	0	4	3.87	3.5	4	4.2	3.78	3.75	3.85	3.64	4.1	3.89	3.99	3.9	3.76	3.993333333	3.826666667
2	0	4	5	5	5	5	5	5	5	5	5	5	5	5	5	5	5
1	0	4	5	5	5	5	5	5	5	5	5	5	5	5	5	5	5
15	0	4	2.61	4	1.8	1.47	3.17	2.9	2.735	3.585	1.635	2.485	2.32	2.423333333	2.99	2.146666667	2.88
28	0	4	4.8125	4.92	4.45	4.88	5	4.685	4.9	4.96	4.665	4.725	4.94	4.75	4.79	4.776666667	4.933333333
2	0	4	3.375	3.5	0	5	5	1.75	4.25	4.25	2.5	2.5	5	2.833333333	2.833333333	3.333333333	4.5
34	1	5	3.825	3.48	3.56	4.26	4	3.52	3.87	3.74	3.91	3.78	4.13	3.766666667	3.68	3.94	3.913333333
180	0	5	4.835	4.78	4.78	4.89	4.89	4.78	4.835	4.835	4.835	4.835	4.89	4.816666667	4.816666667	4.853333333	4.853333333
48	0	5	3.455	3.78	2.81	3.71	3.52	3.295	3.745	3.65	3.26	3.165	3.615	3.433333333	3.37	3.346666667	3.67
21	0	5	4.19	4.33	3.29	4.57	4.57	3.81	4.45	4.45	3.93	3.93	4.57	4.063333333	4.063333333	4.143333333	4.49
20	0	5	4.9475	4.79	5	5	5	4.895	4.895	4.895	5	5	5	4.93	4.93	5	4.93
55	0	5	3.93	3.96	3.24	4.23	4.29	3.6	4.095	4.125	3.735	3.765	4.26	3.81	3.83	3.92	4.16
128	1	5	2.965	3.47	1.79	3.11	3.49	2.63	3.29	3.48	2.45	2.64	3.3	2.79	2.916666667	2.796666667	3.356666667
11	0	5	4.2975	4.45	3.83	4.64	4.27	4.14	4.545	4.36	4.235	4.05	4.455	4.306666667	4.183333333	4.246666667	4.453333333
20	0	5	3.8225	3.75	3.38	3.9	4.26	3.565	3.825	4.005	3.64	3.82	4.08	3.676666667	3.796666667	3.846666667	3.97
17	0	5	4.26	4.24	3.67	4.63	4.5	3.955	4.435	4.37	4.15	4.085	4.565	4.18	4.136666667	4.266666667	4.456666667
42	0	5	3.405	2.36	3	4.08	4.18	2.68	3.22	3.27	3.54	3.59	4.13	3.146666667	3.18	3.753333333	3.54
24	0	5	4.53	4.46	4	4.83	4.83	4.23	4.645	4.645	4.415	4.415	4.83	4.43	4.43	4.553333333	4.706666667
17	0	5	4.6725	4.63	4.62	4.69	4.75	4.625	4.66	4.69	4.655	4.685	4.72	4.646666667	4.666666667	4.686666667	4.69
3	0	5	4.9175	4.67	5	5	5	4.835	4.835	4.835	5	5	5	4.89	4.89	5	4.89
28	0	5	4.85	4.56	5	5	4.84	4.78	4.78	4.7	5	4.92	4.92	4.853333333	4.8	4.946666667	4.8
1	0	5	2.75	1	0	5	5	0.5	3	3	2.5	2.5	5	2	2	3.333333333	3.666666667
12	0	5	2.9675	3.1	1.83	4.11	2.83	2.465	3.605	2.965	2.97	2.33	3.47	3.013333333	2.586666667	2.923333333	3.346666667
30	0	5	4.1875	3.52	3.55	4.84	4.84	3.535	4.18	4.18	4.195	4.195	4.84	3.97	3.97	4.41	4.4
14	0	5	3.5	3.6	3.4	3.17	3.83	3.5	3.385	3.715	3.285	3.615	3.5	3.39	3.61	3.466666667	3.533333333
12	0	5	2.795	2.9	1.29	2.86	4.13	2.095	2.88	3.515	2.075	2.71	3.495	2.35	2.773333333	2.76	3.296666667
7	0	5	4.965	4.86	5	5	5	4.93	4.93	4.93	5	5	5	4.953333333	4.953333333	5	4.953333333
17	0	5	4.78	4.18	5	4.94	5	4.59	4.56	4.59	4.97	5	4.97	4.706666667	4.726666667	4.98	4.706666667
8	0	5	3.6875	4	3	3.75	4	3.5	3.875	4	3.375	3.5	3.875	3.583333333	3.666666667	3.583333333	3.916666667
9	0	5	4.1075	3.86	3	5	4.57	3.43	4.43	4.215	4	3.785	4.785	3.953333333	3.81	4.19	4.476666667
54	0	6	4.47	4.58	3.9	4.53	4.87	4.24	4.555	4.725	4.215	4.385	4.7	4.336666667	4.45	4.433333333	4.66
26	0	6	3.2125	2.52	3.15	3.5	3.68	2.835	3.01	3.1	3.325	3.415	3.59	3.056666667	3.116666667	3.443333333	3.233333333
23	0	6	4.0925	3.32	4.25	4.11	4.69	3.785	3.715	4.005	4.18	4.47	4.4	3.893333333	4.086666667	4.35	4.04
432	1	6	4.0275	2.78	3.93	4.73	4.67	3.355	3.755	3.725	4.33	4.3	4.7	3.813333333	3.793333333	4.443333333	4.06
51	0	6	4.7775	4.43	4.93	4.91	4.84	4.68	4.67	4.635	4.92	4.885	4.875	4.756666667	4.733333333	4.893333333	4.726666667
108	1	6	4.1925	4.28	3.65	4.24	4.6	3.965	4.26	4.44	3.945	4.125	4.42	4.056666667	4.176666667	4.163333333	4.373333333
26	0	6	4.7025	4.54	4.8	4.68	4.79	4.67	4.61	4.665	4.74	4.795	4.735	4.673333333	4.71	4.756666667	4.67
108	0	6	2.0025	2.39	1.2	2.83	1.59	1.795	2.61	1.99	2.015	1.395	2.21	2.14	1.726666667	1.873333333	2.27
49	0	6	4.03	2.96	3.89	4.47	4.8	3.425	3.715	3.88	4.18	4.345	4.635	3.773333333	3.883333333	4.386666667	4.076666667
30	0	6	4.92	4.93	4.75	5	5	4.84	4.965	4.965	4.875	4.875	5	4.893333333	4.893333333	4.916666667	4.976666667
22	0	6	4.785	4.14	5	5	5	4.57	4.57	4.57	5	5	5	4.713333333	4.713333333	5	4.713333333
29	0	6	3.1375	2.79	2.47	4.66	2.63	2.63	3.725	2.71	3.565	2.55	3.645	3.306666667	2.63	3.253333333	3.36
16	0	6	4.01	3.87	3.92	4.5	3.75	3.895	4.185	3.81	4.21	3.835	4.125	4.096666667	3.846666667	4.056666667	4.04
8	0	6	3.75	4.17	2.33	4.17	4.33	3.25	4.17	4.25	3.25	3.33	4.25	3.556666667	3.61	3.61	4.223333333
18	0	6	4.9275	4.71	5	5	5	4.855	4.855	4.855	5	5	5	4.903333333	4.903333333	5	4.903333333
22	0	6	2.7925	3.24	1.91	2.89	3.13	2.575	3.065	3.185	2.4	2.52	3.01	2.68	2.76	2.643333333	3.086666667
20	0	6	4.6225	4.63	4.14	4.94	4.78	4.385	4.785	4.705	4.54	4.46	4.86	4.57	4.516666667	4.62	4.783333333
113	0	7	2.785	2.33	2.29	3.71	2.81	2.31	3.02	2.57	3	2.55	3.26	2.776666667	2.476666667	2.936666667	2.95
119	3	7	3.0875	2.89	2.56	3.3	3.6	2.725	3.095	3.245	2.93	3.08	3.45	2.916666667	3.016666667	3.153333333	3.263333333
13	0	7	4.7825	4.31	5	5	4.82	4.655	4.655	4.565	5	4.91	4.91	4.77	4.71	4.94	4.71
15	0	7	4.2075	4.77	3.67	4.46	3.93	4.22	4.615	4.35	4.065	3.8	4.195	4.3	4.123333333	4.02	4.386666667
11	0	7	4.8625	4.45	5	5	5	4.725	4.725	4.725	5	5	5	4.816666667	4.816666667	5	4.816666667
156	12	7	1.2525	1.42	1.03	1.36	1.2	1.225	1.39	1.31	1.195	1.115	1.28	1.27	1.216666667	1.196666667	1.326666667
20	0	7	4.6625	4.4	4.71	4.84	4.7	4.555	4.62	4.55	4.775	4.705	4.77	4.65	4.603333333	4.75	4.646666667
13	1	7	4.0625	3.62	4.3	4.08	4.25	3.96	3.85	3.935	4.19	4.275	4.165	4	4.056666667	4.21	3.983333333
12	0	7	4.5775	3.91	4.5	4.9	5	4.205	4.405	4.455	4.7	4.75	4.95	4.436666667	4.47	4.8	4.603333333
22	0	7	3.715	2.23	2.71	4.92	5	2.47	3.575	3.615	3.815	3.855	4.96	3.286666667	3.313333333	4.21	4.05
30	0	7	4.3175	3.79	4.18	4.84	4.46	3.985	4.315	4.125	4.51	4.32	4.65	4.27	4.143333333	4.493333333	4.363333333
21	0	7	3.3625	3.9	2.17	3.71	3.67	3.035	3.805	3.785	2.94	2.92	3.69	3.26	3.246666667	3.183333333	3.76
116	2	8	2.9875	3.18	2.22	3.35	3.2	2.7	3.265	3.19	2.785	2.71	3.275	2.916666667	2.866666667	2.923333333	3.243333333
44	0	8	4.7175	4.45	4.63	4.84	4.95	4.54	4.645	4.7	4.735	4.79	4.895	4.64	4.676666667	4.806666667	4.746666667
63	0	8	3.13	2.45	2.54	3.55	3.98	2.495	3	3.215	3.045	3.26	3.765	2.846666667	2.99	3.356666667	3.326666667
51	0	8	4.51	4.6	4.1	4.67	4.67	4.35	4.635	4.635	4.385	4.385	4.67	4.456666667	4.456666667	4.48	4.646666667
19	0	8	3.9675	3.5	4	4.19	4.18	3.75	3.845	3.84	4.095	4.09	4.185	3.896666667	3.893333333	4.123333333	3.956666667
23	0	8	2.815	2.15	2.44	3.47	3.2	2.295	2.81	2.675	2.955	2.82	3.335	2.686666667	2.596666667	3.036666667	2.94
162	1	8	4.4675	4.26	4.41	4.57	4.63	4.335	4.415	4.445	4.49	4.52	4.6	4.413333333	4.433333333	4.536666667	4.486666667
76	0	8	3.7675	3.37	3.63	4.08	3.99	3.5	3.725	3.68	3.855	3.81	4.035	3.693333333	3.663333333	3.9	3.813333333
16	0	8	4.035	2.87	3.67	4.6	5	3.27	3.735	3.935	4.135	4.335	4.8	3.713333333	3.846666667	4.423333333	4.156666667
33	0	8	4.8825	4.91	5	4.72	4.9	4.955	4.815	4.905	4.86	4.95	4.81	4.876666667	4.936666667	4.873333333	4.843333333
46	0	9	4.495	4.43	4	4.76	4.79	4.215	4.595	4.61	4.38	4.395	4.775	4.396666667	4.406666667	4.516666667	4.66
110	1	9	2.885	2.49	3.03	2.72	3.3	2.76	2.605	2.895	2.875	3.165	3.01	2.746666667	2.94	3.016666667	2.836666667
44	0	9	4.22	4.02	3.21	4.93	4.72	3.615	4.475	4.37	4.07	3.965	4.825	4.053333333	3.983333333	4.286666667	4.556666667
199	4	9	4.34	4.24	4.09	4.52	4.51	4.165	4.38	4.375	4.305	4.3	4.515	4.283333333	4.28	4.373333333	4.423333333
229	2	9	2.7425	2.41	2.71	2.76	3.09	2.56	2.585	2.75	2.735	2.9	2.925	2.626666667	2.736666667	2.853333333	2.753333333
30	0	9	4.7675	4.93	4.2	4.97	4.97	4.565	4.95	4.95	4.585	4.585	4.97	4.7	4.7	4.713333333	4.956666667
50	0	9	2.65	2.31	1.94	3.39	2.96	2.125	2.85	2.635	2.665	2.45	3.175	2.546666667	2.403333333	2.763333333	2.886666667
8	1	9	3.6075	4.57	0	5	4.86	2.285	4.785	4.715	2.5	2.43	4.93	3.19	3.143333333	3.286666667	4.81
15	0	10	4.9675	4.87	5	5	5	4.935	4.935	4.935	5	5	5	4.956666667	4.956666667	5	4.956666667
71	0	10	4.2025	2.67	4.25	4.97	4.92	3.46	3.82	3.795	4.61	4.585	4.945	3.963333333	3.946666667	4.713333333	4.186666667
47	0	10	4.7525	4.39	4.64	4.98	5	4.515	4.685	4.695	4.81	4.82	4.99	4.67	4.676666667	4.873333333	4.79
174	2	11	3.0575	2.39	2.77	3.18	3.89	2.58	2.785	3.14	2.975	3.33	3.535	2.78	3.016666667	3.28	3.153333333
51	0	11	3.2025	3.2	2.97	3.35	3.29	3.085	3.275	3.245	3.16	3.13	3.32	3.173333333	3.153333333	3.203333333	3.28
143	0	11	4.495	4.4	4.14	4.71	4.73	4.27	4.555	4.565	4.425	4.435	4.72	4.416666667	4.423333333	4.526666667	4.613333333
45	1	12	3.925	4.12	3.12	4.36	4.1	3.62	4.24	4.11	3.74	3.61	4.23	3.866666667	3.78	3.86	4.193333333
116	5	12	3.6275	3.54	3.54	3.94	3.49	3.54	3.74	3.515	3.74	3.515	3.715	3.673333333	3.523333333	3.656666667	3.656666667
125	0	12	3.83	3.53	3.07	4.46	4.26	3.3	3.995	3.895	3.765	3.665	4.36	3.686666667	3.62	3.93	4.083333333
21	1	13	4.6725	4.05	5	4.84	4.8	4.525	4.445	4.425	4.92	4.9	4.82	4.63	4.616666667	4.88	4.563333333
37	1	13	3.79	4.03	2.95	3.94	4.24	3.49	3.985	4.135	3.445	3.595	4.09	3.64	3.74	3.71	4.07
17	0	13	4.23	3.36	5	4	4.56	4.18	3.68	3.96	4.5	4.78	4.28	4.12	4.306666667	4.52	3.973333333
105	0	14	4.225	4.36	3.55	4.63	4.36	3.955	4.495	4.36	4.09	3.955	4.495	4.18	4.09	4.18	4.45
171	6	14	4.2725	4.37	4.08	4.25	4.39	4.225	4.31	4.38	4.165	4.235	4.32	4.233333333	4.28	4.24	4.336666667
218	1	14	3.6375	3.71	3.63	3.44	3.77	3.67	3.575	3.74	3.535	3.7	3.605	3.593333333	3.703333333	3.613333333	3.64
149	0	14	4.1225	3.45	3.87	4.69	4.48	3.66	4.07	3.965	4.28	4.175	4.585	4.003333333	3.933333333	4.346666667	4.206666667
55	0	14	4.0625	3.15	3.71	4.69	4.7	3.43	3.92	3.925	4.2	4.205	4.695	3.85	3.853333333	4.366666667	4.18
17	0	16	4.7075	4.76	4.6	4.71	4.76	4.68	4.735	4.76	4.655	4.68	4.735	4.69	4.706666667	4.69	4.743333333
53	0	16	4.48	3.92	4.53	4.69	4.78	4.225	4.305	4.35	4.61	4.655	4.735	4.38	4.41	4.666666667	4.463333333
57	0	16	4.6175	4.66	4.43	4.68	4.7	4.545	4.67	4.68	4.555	4.565	4.69	4.59	4.596666667	4.603333333	4.68
87	0	17	3.72	3.88	2.44	4.42	4.14	3.16	4.15	4.01	3.43	3.29	4.28	3.58	3.486666667	3.666666667	4.146666667
39	0	17	4.86	4.58	5	4.89	4.97	4.79	4.735	4.775	4.945	4.985	4.93	4.823333333	4.85	4.953333333	4.813333333
8	0	17	4.875	4.83	5	4.67	5	4.915	4.75	4.915	4.835	5	4.835	4.833333333	4.943333333	4.89	4.833333333
17	0	18	4.4925	4.25	4.33	4.63	4.76	4.29	4.44	4.505	4.48	4.545	4.695	4.403333333	4.446666667	4.573333333	4.546666667
303	1	18	3.6425	2.84	3.78	4.28	3.67	3.31	3.56	3.255	4.03	3.725	3.975	3.633333333	3.43	3.91	3.596666667
530	1	19	4.1675	3.99	3.95	4.4	4.33	3.97	4.195	4.16	4.175	4.14	4.365	4.113333333	4.09	4.226666667	4.24
5	2	19	4.4	2.6	5	5	5	3.8	3.8	3.8	5	5	5	4.2	4.2	5	4.2
127	0	20	4.07	3.82	3.6	4.73	4.13	3.71	4.275	3.975	4.165	3.865	4.43	4.05	3.85	4.153333333	4.226666667
32	1	20	4.9925	4.97	5	5	5	4.985	4.985	4.985	5	5	5	4.99	4.99	5	4.99
14	0	20	5	5	5	5	5	5	5	5	5	5	5	5	5	5	5
21	0	21	3.4875	3.85	1.8	3.95	4.35	2.825	3.9	4.1	2.875	3.075	4.15	3.2	3.333333333	3.366666667	4.05
40	1	22	4.415	4.64	3.75	4.6	4.67	4.195	4.62	4.655	4.175	4.21	4.635	4.33	4.353333333	4.34	4.636666667
124	0	22	3.2175	2.83	3.08	3.17	3.79	2.955	3	3.31	3.125	3.435	3.48	3.026666667	3.233333333	3.346666667	3.263333333
79	0	23	4.6125	4.78	4.31	4.57	4.79	4.545	4.675	4.785	4.44	4.55	4.68	4.553333333	4.626666667	4.556666667	4.713333333
