requester_id	followers	averages	pay	comm	fast	fair	reviews	tos_flags
A33E9MIO5CB1XT	1	3.5725	2.63	3	4.33	4.33	10	0
AWHSHU97O95MI	1	3.625	4	3	3	4.5	2	0
A3SYTQK5A65APY	1	4.125	3	4	4.5	5	2	0
A1LQQ6QUMNIYBE	1	1	1	1	1	1	3	3
A3HXF06LDBX034	1	3.75	5	0	5	5	1	0
A15U0DLEF3ZE5P	1	0	0	0	0	0	2	0
A33MLBEJ1YIV2M	1	2.7375	3.75	1	2.7	3.5	10	0
A1DFZWT5JJ15AH	1	3.5	4	0	5	5	1	0
A3OG5OSPPAD7W3	1	3.75	5	0	5	5	1	0
A26VKE28GEOD8E	1	1.25	5	0	0	0	2	0
A1PYYSZU0FQ0P5	1	3	2	3	3.33	3.67	13	0
A3JXS3D2O9XPOT	1	3.5	4	0	5	5	5	0
A2BE7ATTCNARTO	1	4.4475	3.22	5	4.57	5	9	0
A3NYBW5EWT3JXW	1	1.3325	1	1	2.33	1	4	0
ANAZZX08RXXQ4	1	3.45	3.8	0	5	5	5	0
A31D66C2IEGD24	1	4.32	4	5	4.14	4.14	18	0
A37G1LX8K5V7UO	1	0	0	0	0	0	1	1
AGXKW1XQ4K2H	1	2.9175	1.67	0	5	5	3	0
A1DZRSV5DHDECC	1	3.515	3.38	3	4.06	3.62	25	0
A1HHRQ1PFAGG68	1	3.625	4.5	0	5	5	2	0
AFLTRGJQ6ZY1E	1	1.72	1.39	1.4	2.09	2	33	0
A1FKC6Y7O72ONA	1	3.465	3	2	4.43	4.43	9	0
A6N3805QL95KI	1	3.825	3.74	3.81	4.14	3.61	26	0
A1XGWBX7YYEQUI	1	3.8075	1.94	4.29	4.5	4.5	16	0
A13W81Q0DPAVVB	1	4.125	4	4	5	3.5	2	0
A216T5VONYKF0S	1	3.86	3.25	4	4.33	3.86	9	0
A7I25A7C02V0W	1	2.9525	2.14	0	4.67	5	7	0
A3F3T80KYE1J7O	1	4.475	3.04	5	4.86	5	27	0
A1ZULFJVBS8H1I	1	4.6375	3.75	5	4.8	5	5	0
A2YS98USM9LMRC	1	3.67	4.08	2.6	3.92	4.08	13	0
A7W013PM199BS	1	2.4525	2.57	2.19	2.83	2.22	26	1
A2AKCZ9MNLV1O9	1	3.2525	4.67	1	3.67	3.67	3	0
A44X6BF6PP12B	1	2.2925	2.54	2.17	2.78	1.68	42	0
A12QAKKMXXLOIK	1	2.5425	3.25	0	3.25	3.67	4	0
A1DTM0JCRXYDZ	1	4.25	4	3	5	5	9	0
AW8LX7H3UHWRM	1	4.3575	4.26	4	4.5	4.67	29	1
ADQ8KPNLS4TFY	1	4.6975	3.79	5	5	5	15	0
AJXQ2GILWLEGD	1	4.51	3.71	5	4.33	5	8	0
AZ133PDNQQ6AR	1	2.9375	2.75	2	3.33	3.67	4	0
AFIUI62ZVMDFA	1	4.0125	3	3.8	4.66	4.59	52	1
A27MITQOTS1AQW	1	4.48	4.6	4.2	4.33	4.79	21	1
A1RVDVALREIUUQ	1	2	2	0	3	3	1	0
A68DEEK7OV1OC	1	3.75	5	0	5	5	3	0
A2IO2MM262K6ZZ	1	2.7325	2.6	2.33	3	3	6	0
A990SKM7AVWQR	1	4.44	4.63	3.67	4.83	4.63	22	1
ADGHS9MOR2MHM	1	4.28	4	4.2	4.25	4.67	16	0
A15X15L8HB3PO6	1	2.635	3	1	3.25	3.29	15	0
ASPR7E8JC3NYI	1	4.67	4.68	4.52	4.72	4.76	54	0
A303CBLKB7HBZO	1	4.625	3.5	5	5	5	4	0
A149ACRYLEE5PP	1	3.75	5	0	5	5	4	0
A2R3II7IBIUCHS	1	3.465	3.86	0	5	5	7	0
A1WV8GSFWKT2K6	1	3.25	3.47	3	3.13	3.4	21	0
A10OM0I1IXBPFE	1	3.75	5	0	5	5	1	0
A2S7AIIXXY3CT	1	4.2325	3.84	4.23	4.46	4.4	52	1
A2J2MF4KEF2DKM	1	3.245	3	2.91	3.6	3.47	17	0
A126YSV6T33C3T	1	3.38	2.43	3.22	3.87	4	26	3
A2UVRP50C9TMK3	1	2.7775	2.08	2.33	3.32	3.38	43	0
A3ORVIDMDER6WF	1	3.6875	3.75	1	5	5	13	0
A2F18O1OBNOITF	1	4.125	2	5	4.5	5	5	0
A2YQ70G2WN5RKI	1	3.2325	3.26	2.33	3.72	3.62	35	1
A3HQAV7DY66IF2	1	4.0575	4.19	4	4.19	3.85	28	0
APJUBFI9CCT9K	1	0.25	1	0	0	0	1	0
A32JNFFMKA8LN8	1	3.0425	2.89	1.5	3.89	3.89	9	0
AWXG3T7W04FVG	1	2.8025	2.71	2.33	3	3.17	9	0
A18KRGGSRB8FRE	1	3.75	5	0	5	5	1	0
A1B3VG4UTYL3TG	1	4.3175	3.13	4.38	4.92	4.84	40	0
A27RDRMZV5JBTW	1	1	1	1	1	1	6	0
A2N8CABDFRA47F	1	5	5	5	5	5	12	0
A3HLX5VXNHVITM	1	3.59	3.61	3	4	3.75	18	0
AQHXS4YXFCTFM	1	4.075	4.28	3.5	4.23	4.29	54	1
A1DGSB2GKASN7Q	1	4.1725	3.98	4.08	4.34	4.29	52	0
A37L47Q4PMMWY3	1	4.595	4.68	4.22	4.77	4.71	156	1
A1F09BVT3QHSHH	1	2.665	3	2	2.83	2.83	6	0
A4NYR93GJX1OK	1	3.75	5	0	5	5	2	0
A3AZIIU9Q53B2M	1	3.565	3.25	2.83	3.38	4.8	9	0
A29GOZE32W61NM	1	5	5	5	5	5	5	0
A3AYYY0T3VKP78	1	3.2575	2.82	2	4.07	4.14	26	0
AZUZUS728KPDF	1	3.5025	3.67	3.67	3.67	3	3	0
A1IKT38Y4OUR0G	1	4.865	4.55	5	4.91	5	11	0
A1KI227DNDG4K1	1	3.5825	4.33	0	5	5	3	0
A3CNRTV5RN1YEV	1	4.43	4.31	4.48	4.53	4.4	40	0
A3P94KJYF2KBLK	1	1	1	1	1	1	4	0
A1KFSRVD1H1D4C	1	4.0875	3.75	3.67	4.43	4.5	12	0
A1LWI1809TP5XH	1	3.4	4.2	0	4.4	5	5	0
A1XSXGTHKR6DND	1	2.875	2	0	4.5	5	2	0
A1O59F6GHGMAM9	1	3.75	5	0	5	5	2	0
A3GHVJP0MAUK1Z	1	3.25	3	0	5	5	2	0
A3HQF4BKXBPO3M	1	3.1825	3.03	2.14	3.53	4.03	43	0
A2QG4XREC4RB1C	1	2.8725	3.67	1	4	2.82	13	0
A3J0M9MZH85WD7	1	5	5	5	5	5	1	0
AUS7EXIIB1T9J	1	3.8075	4.5	3.67	4.2	2.86	9	2
A3L9KG1K0UGWDO	1	4.705	4.15	5	5	4.67	13	0
A1SH12CS04JI1J	1	4.32	4.35	3.8	4.57	4.56	48	3
AC0PMLGLVH8B6	1	2.1225	2	1.6	2.33	2.56	10	1
A1QO86OPEDBYOI	1	4.8575	4.43	5	5	5	7	0
A3NWU07H510EH6	1	4.5225	4.56	3.67	5	4.86	9	0
A3RM8FZ625AZW9	1	4.1225	3.41	4.27	4.33	4.48	36	0
A11ZMVM8AA3S1T	1	4.785	4.14	5	5	5	8	0
A3SC5BB4OINAKQ	1	2.82	3	2.25	3.2	2.83	6	0
A207HTPWALBOP5	1	4.9825	4.93	5	5	5	15	0
A3U4LJT22OTQZS	1	3.9625	3.32	3.5	4.44	4.59	25	0
A21R4IBOHRH3TN	1	4.7575	4.5	5	5	4.53	19	0
AJVAN0DJ4YYLK	1	2.985	3.09	2.46	3.09	3.3	28	0
A3YAR3S7T9K2J	1	3.6225	3	3	4.38	4.11	14	0
A1Y398PYJLNV19	1	4.565	4.33	4	4.93	5	15	0
AXS0Y7LJJKBUL	1	4.4575	4.31	4.11	4.85	4.56	27	0
A26I9EFYMESE2C	1	4.875	4.5	5	5	5	2	0
A8Y6LG00IJVKD	1	4.6575	4.44	4.25	4.94	5	16	0
A3TVZBDEF2DJG1	1	3.5025	3.67	3	3.67	3.67	3	0
ASE03B8LVPTZI	1	3.01	3.33	1	5	2.71	8	0
AAP1D67KORF6S	1	3.415	4.33	0	4.33	5	3	0
A13PT8BHDL8DC4	1	5	5	5	5	5	9	0
A1KNLHHKILEA9M	1	3.75	5	0	5	5	4	0
A2MROF32HR5CGP	1	0.25	1	0	0	0	1	0
A1RAMCMF30HTU3	1	3.575	4.3	0	5	5	12	0
A20GBZ4I0814I6	1	3.75	5	0	5	5	4	0
A34YSANQ8D2C7	1	3.8725	4	3	4.32	4.17	28	0
AF5URKSI8913N	1	3.75	5	0	5	5	1	0
A3C7UKE00I9MKL	1	2.88	2.56	3.29	3	2.67	10	0
A111PICPL4G0TF	1	4.7125	4.36	4.56	4.93	5	14	0
A3OI12PNB520P5	1	4.2575	3.83	4.2	4.67	4.33	12	0
A3QHQNMLZ6UGYQ	1	4.3325	3.84	4.25	4.58	4.66	48	1
A1XNIXFXRSJC1I	1	3.75	5	0	5	5	1	0
A151EM0NAKP3LZ	1	0.5	2	0	0	0	2	0
ATJXZQHA68ZV1	1	2.625	2.6	1.67	3.4	2.83	7	1
A21UZJK2JXF1KA	1	3.4175	2	3.67	4.33	3.67	5	0
AO94KE60EKIMI	1	4.78	4.87	4.25	5	5	16	0
A25UCO1HKO2H0L	1	2.65	2.6	0	4	4	5	0
A39Y80IRKQPEP7	1	3.25	3	0	5	5	3	0
A3E1KWUGM4KGK0	1	0	0	0	0	0	1	0
A17GML0UTZJB37	1	1.25	1	0	3	1	1	0
A35CQM17NI22B7	1	1.75	5	1	0	1	3	1
A2GCMLIRSCYBO1	1	3.3325	3.33	0	5	5	3	0
A26YLLHPMZB028	1	2.7075	2.5	2	3.33	3	7	0
A3TMYG1YKJU4NM	1	4.0075	3.2	4	4.5	4.33	11	0
A124HVXUZOCG24	1	4.965	5	5	5	4.86	7	0
AP27RLDE9UHSK	1	4.4025	4.41	4.36	4.44	4.4	84	1
A1C10ZZ24NJVBG	1	5	5	5	5	5	9	0
A3UFP0EOHUSTP4	1	2.25	2.75	1	2.25	3	5	0
A2GWPDONJKRGYU	1	4.8375	4.6	4.75	5	5	13	0
A2ANKNPEKA2753	1	3.215	2.86	2.6	3.6	3.8	15	3
A3AMI6PS5OXL93	1	3.625	4.3	1	4.6	4.6	10	0
A8V719XOX4B9H	1	4.75	4	5	5	5	8	0
A3DUS91YXA4Z9E	1	3.27	3.5	2.33	3.75	3.5	4	0
A27FC8WR5C7ESY	1	3.75	5	0	5	5	5	0
A2NH67D96Z82Z0	1	1.875	1.5	0	3	3	2	0
AL1OQJLLLIP6D	1	2.2	1.8	1	3	3	12	0
A3M9P42ZPTNPGD	1	4.5725	3.29	5	5	5	7	0
AY22FNNTT27IX	1	4.9375	4.75	5	5	5	4	0
A2AMJOI31EH4U4	1	3.25	4.5	0	4	4.5	2	0
A3QCPQD2M1M51Y	1	2.75	1	0	5	5	3	0
ABPLPKR7B3183	1	3.6675	3.72	3.37	3.87	3.71	32	0
AW0DCJ2R54JBE	1	3.2525	2.67	3	3.67	3.67	3	0
A31LLF548YBIE8	1	4.0325	4.8	3	4.33	4	6	0
A2B1JVCDQI2SNE	1	4.6	4.56	4.2	4.82	4.82	25	0
AYDCQGUPEZVAC	1	3.3125	3.14	2.43	3.89	3.79	33	0
A15OAOHKBJPP7D	1	3.75	5	0	5	5	3	1
A2D2QB6TWSH6SO	1	4.7625	4.15	5	4.9	5	13	0
AZPKAS44BDNNE	1	4.5675	3.92	5	4.56	4.79	26	1
A1W38RZ996UEOG	1	3.4925	3.17	3	4	3.8	13	0
A2IAUH4F23FK7Y	1	4	3	5	3	5	2	0
A24YY6JHKXD44N	1	0.25	0	1	0	0	2	0
A4E0RGGVMYP0	1	1	1	1	1	1	10	1
A2MD63TOQNAKBW	1	2.5675	1.27	3	3	3	12	0
A1I9UTZPN7DH5M	1	0.75	3	0	0	0	1	0
A3L9HWO0QGQEYE	1	0.5	1	0	0	1	2	0
A254A4TGHWYV0X	1	4.6875	4	5	4.75	5	5	0
A10M90Y8PUKQ1E	1	4.18	3.53	3.73	4.72	4.74	104	1
A2S2MAHER3SV7	1	4.66	4.41	4.78	4.76	4.69	53	2
A3B0WZWYQTDF0E	1	3.625	4.5	0	5	5	2	0
A11WZJZMSRLMJD	1	4.1375	3.45	3.67	5	4.43	12	0
A14749VFR2DP2X	1	3.625	4.5	0	5	5	2	0
A2UAA5X9MLDLSA	1	1	1	1	1	1	1	0
ANP2O6SIRNA5H	1	3.75	5	0	5	5	6	0
A135XJ4D20LZG1	1	2.225	2.42	1.4	2.5	2.58	24	0
A29O52DSEVRRIT	1	2.91	4.14	1	3	3.5	7	0
A14MVF6YETAP5B	1	2.9425	2.31	2.71	3.25	3.5	14	0
A3IWAJENNPP383	1	2.8	3.4	1	3.4	3.4	5	0
A2YO969C9Z5EUD	1	4.8225	4.82	4.58	4.94	4.95	63	0
A5E8P2L5P6JBS	1	4.5275	3.16	5	4.95	5	39	0
AYY5TBDO2MPWM	1	3.755	4	2.75	4.18	4.09	14	0
A3HAOMDYND890B	1	2.0825	2	2	1.33	3	5	0
A33NP7FXCP771M	1	4.91	4.79	5	5	4.85	30	0
A1NT4JAMY68HLG	1	5	5	5	5	5	5	0
A2RVNIG4NR0PL3	1	5	5	5	5	5	2	0
A34Y0INWSLX4AQ	1	4.23	3.9	4	4.67	4.35	34	0
A1C8LTY41EOIYZ	1	3.7925	3	3.67	4.5	4	22	0
A361N9XL4OF4FG	1	2.495	2.77	1.76	2.07	3.38	28	0
A1DEUNN0954WZK	1	4.985	5	5	4.94	5	18	0
A37IPCWI3OKNH9	1	5	5	5	5	5	1	0
APEKKLY0R9T7J	1	3.1275	3.63	0	4.38	4.5	8	0
A26RDF1I330AC8	1	4.7925	4.17	5	5	5	6	0
A39YZ5CCWDI0H7	1	2.6275	2.83	1.97	2.92	2.79	202	6
A1GPUW737TBP77	1	1	1	1	1	1	7	6
A1N42VECAVD0KI	1	3.25	3	0	5	5	1	0
A3AVSX9XPH68LR	1	3.875	3.56	3.86	4	4.08	21	0
A1S54N1BUA7HY6	1	5	5	5	5	5	1	0
A1IHMYWES2H7L	1	3.7825	3.38	3.5	4.19	4.06	17	0
A2HWR8G638YKQ1	1	2.5	1.33	3	2.67	3	3	0
A3CG26OBWM28EP	1	4.015	2.8	3.8	4.73	4.73	51	0
A32U3HT8GE0KCZ	1	5	5	5	5	5	2	0
A1A6OLG1TSN9F0	1	3.1675	3.67	2.33	3.67	3	4	0
A3EFWT2IGMC1UF	1	4.555	3.9	4.5	4.91	4.91	33	0
A2VMT6P7LDQE71	1	3.05	3.2	1	4	4	5	0
A3ICO3SV3V7DWH	1	3.5975	4.5	2.25	4.5	3.14	8	0
A27E9RPSLHPULC	1	2.9875	2	1	4.75	4.2	8	0
A3HLA091XVNMVU	1	4.515	4.67	4.67	4.64	4.08	16	0
A1PG2IN4ITZEG2	1	4.3725	4	4.86	4.5	4.13	9	1
A3IZ1OMUNEHN32	1	4.4625	4.6	3.88	4.58	4.79	20	0
ANIRDPX6I4G1H	1	4.25	3.67	4	5	4.33	3	0
A1QR9OJZTV7MZJ	1	3.975	3.89	3.22	4.25	4.54	38	1
AZIFZRDJKTQXE	1	4.9325	4.73	5	5	5	15	0
A3KKI9G328U87H	1	3.7025	3.39	3.2	4.11	4.11	23	0
A1SFG5VCOORFU5	1	4.3625	3.33	4.36	4.9	4.86	67	0
A3B3SACR4US7H7	1	4.0275	3.95	3.94	4.09	4.13	25	0
A2OQ6OUS0W12TL	1	3.7725	3.86	3	4.15	4.08	15	0
A1V2K975NIB657	1	3.66	4.11	1.33	4.58	4.62	19	0
A3NC2P2SPK9QQ	1	4.815	4.62	4.81	4.94	4.89	210	0
A3OVAJU1C9JQHA	1	4.9575	4.83	5	5	5	13	0
ATMLS1J6EE1WS	1	4.6875	3.75	5	5	5	4	0
A3R7CEQ8PLSB9N	1	4.605	4.59	4.56	4.71	4.56	19	0
A1CTSB5F0LCB95	1	3	2	0	5	5	3	1
AHB3XOAZXMZI4	1	2.4725	2.71	1	3.18	3	14	0
A322467WS3IGHV	1	5	5	5	5	5	4	0
A20527HBT0TW68	1	3.4175	3.67	0	5	5	3	0
AICSX276JM01	1	4.355	4.67	4	4.67	4.08	12	0
A3U0ZJEOCOTBKD	1	4.105	2.96	4	4.73	4.73	27	0
A21PJDQHKEAQCC	1	3.5775	4.39	2.42	3.09	4.41	46	0
A3WEVJPQ1LN6X	1	4.8925	4.64	5	4.93	5	32	0
AXDCKX3DM0665	1	4.75	4	5	5	5	8	2
ALSV21XJ4VKWE	1	3.15	2.73	2.67	2.95	4.25	24	0
A5J9PRI1CRIHE	1	3.25	3	0	5	5	2	0
A6HRH6JJGCCLR	1	4.035	3.14	5	4	4	7	0
A24YXV21ELHZJY	1	4.0725	3	4	4.86	4.43	9	0
AO2KH7R5BYDON	1	3.56	3.43	3.25	3.59	3.97	36	2
A6LCABS5GFSVI	1	4.21	3.38	4	4.73	4.73	24	0
A7LQQZGEWBFIV	1	3.5	4	0	5	5	8	0
A26CTZSAUXIVSA	1	3.7475	4.25	2.33	4.08	4.33	12	0
A8Q74QJIPP5IA	1	4.055	3.22	3	5	5	9	0
A3882YOCD4JWN8	1	3.8675	2.93	4	4.27	4.27	16	0
A27WE2Y6RWXR5G	1	4.0875	4.06	3.81	4.41	4.07	60	0
AS76IN8UMVLVT	1	4.3525	4.65	4.3	3.76	4.7	54	1
AAM4IUFREQX96	1	3.8125	3	4	4.25	4	5	0
A2CL1645M6YL3X	1	1.99	1.98	1.39	2.44	2.15	258	35
A29979FPDJ98R8	1	4.245	4.36	3.85	4.33	4.44	58	0
A20YDT4GEV73I1	1	4.5625	3.25	5	5	5	4	0
A1AEWP1AFVS84Z	1	3.15	3.4	1	4	4.2	5	0
A1H30RQG17TETD	1	4.875	4.5	5	5	5	2	0
A1AZQIIRPP5DHN	1	2.7	2	3	3.4	2.4	5	0
A2CMM50S8S18S3	1	1	1	1	1	1	4	4
A3VCB1JZGVWHJE	1	1.0625	1.25	1	1	1	4	0
A1SLW3XXAA1AE2	1	3.25	5	0	5	3	4	0
A39X1T193Y56PQ	1	4.9375	5	5	4.75	5	4	0
A26GOFPUOVIVR2	1	0	0	0	0	0	1	0
A1K73PRQ02797H	1	1.875	1	1	2.5	3	3	0
A27K8MZRRLNDAU	1	3.8675	3.22	3.77	4.35	4.13	34	0
A3947T57KX7DN5	1	1.3325	2.33	1	1	1	3	0
A1TEC8KUBV9U74	1	4.5	4	5	4.8	4.2	8	0
A3FLESG9A5OXLA	1	2.5	3	1	3	3	2	0
AON2T1NC0R4G9	1	0.25	1	0	0	0	5	0
A8MBVA9GEBRD6	1	2.045	2.07	1	2.25	2.86	46	10
A39SO23QXEFCWO	1	3.8575	3.67	3	4.38	4.38	16	0
AKB570QR3DDGK	1	3.75	5	0	5	5	3	0
AB08T8VA82SZS	1	3.375	3.5	0	5	5	2	0
A1UYG68V0JTNZO	1	3.655	3.14	4	4	3.48	33	0
A1FZXFQ1RY8WXS	1	3.75	5	0	5	5	1	0
A3GL1U6O4WVL8	1	4.8875	4.61	5	4.94	5	29	0
ALSHFW54UXYW4	1	4.145	3.83	3	4.75	5	8	2
ADH7UTZR4G0OS	1	3.1675	2.67	0	5	5	3	0
AP6XOUYI2FU4P	1	2.2075	2.5	0	4	2.33	4	0
AJ7XZN5KWOF9O	1	2.3625	2.39	1.75	2.76	2.55	34	0
A3VPD9AS82KSIZ	1	4.155	4	4	4.36	4.26	48	0
A3U0GEK9PV9R5R	1	4	5	1	5	5	5	0
A1T6EY2JB6S5ZZ	1	5	5	5	5	5	11	0
A32Z2JP8PCMLTI	1	3.63	3.62	3.41	3.88	3.61	28	0
A3PYDBIQ9R0XHV	1	1.5	1	5	0	0	3	0
A13WN1FBZ3SK2T	1	3.5	4	0	5	5	2	0
A3QLI7S1SW9HB1	1	3.5	4	0	5	5	3	0
A3OCJTULAHQ2UI	1	1.5	5	0	0	1	2	1
A21PJOXV6ZTOR8	1	2.84	2.83	2.33	3.2	3	7	0
A3HGU8FBZ3Z5GG	1	2.47	2.92	1.8	2.38	2.78	13	0
AV0Z3PR8L4GVG	1	3.63	3.04	3	4.19	4.29	29	4
A2EYUKPV1M3UWG	1	4.5	3	5	5	5	1	0
AYBHLX5IH8J39	1	4.695	3.78	5	5	5	9	0
AFCA6105H1TM0	1	3.8325	3.09	3.4	4.47	4.37	39	0
A2SUDQXR5LH4ND	1	3.75	5	0	5	5	2	0
A1BOHADFT0X1OT	1	4.45	4.4	4.2	4.6	4.6	10	0
A3PXUXAUARYJR6	1	3.25	4	0	5	4	2	0
A2JP8SUUPKMUU5	1	3.445	3.44	3	3.57	3.77	17	2
A3HLCR4YCHJWBI	1	5	5	5	5	5	3	0
A2Q1KVY3MURQ9D	1	4.9225	4.69	5	5	5	13	0
A625PKZQ6F1BA	1	3.665	2.88	3.75	4.2	3.83	8	0
A2IB1LQ3LLB62U	1	3.625	4.5	0	5	5	3	0
A11LRI5DZZOFOT	1	1.815	1.83	1	1.43	3	9	1
A358PLA1JJR94W	1	3.75	5	0	5	5	1	0
A2U7JOOWM5S7M8	1	3.79	3.44	3.56	4.05	4.11	26	0
A38BK812S9VNTM	1	3.75	5	0	5	5	2	0
A134T7UJ7WTSL5	1	3.4725	3.34	3.1	3.56	3.89	46	0
A34EN336S49QO7	1	4.5625	3.25	5	5	5	4	1
A2J2XAJ0KTYLIU	1	0.25	1	0	0	0	6	0
A15XGBBYAKKPBO	1	4.5275	3.74	4.43	4.94	5	28	0
AXSI7YAU7R7L0	1	3.34	3.86	0	4.5	5	7	0
A2ZRLQUR7UYZH	1	3.39	3.03	2.14	4.22	4.17	37	0
AC6HA1PU55QKZ	1	4.75	4	5	5	5	3	0
A181PQV4Q8S5S0	1	3.9175	4.33	5	2.67	3.67	4	1
A37KFRE3PX45GU	1	0.25	1	0	0	0	1	0
A33HGLCQT6DGEJ	1	3.7475	4.14	3.57	3.71	3.57	7	0
A2SY905TBFLXYQ	1	4.6275	3.93	5	4.58	5	14	0
A34QD6PUK3468O	1	4.7425	4.69	4.73	4.74	4.81	163	0
A35XVPV3OC3EVK	1	3.29	2.55	2.86	4	3.75	43	1
A263O8JPDCVJ8I	1	4.19	3.09	5	4.38	4.29	11	0
A3768U3SVS7SE7	1	3.675	2.42	3	4.64	4.64	22	0
AT1767HLJTZSK	1	3.6	3.4	1	5	5	6	0
A3LCIQF1AIQ7J1	1	3.4375	4.25	0	4.5	5	4	0
A39O6ZITQB83OS	1	4.1825	3.81	3.89	4.53	4.5	64	0
A3223C0RITQEE8	1	4.625	3.5	5	5	5	2	0
AMMYC7101RBEG	1	1.125	1.5	1	1	1	2	0
A372VQ4WOUSKNP	1	3.14	4.24	2.48	2.5	3.34	35	0
A1MLQHBDECXXOQ	1	3.3325	3.33	0	5	5	3	0
A3FB3LMEFKY67W	1	4.255	3.82	5	4	4.2	11	0
AG5RSCJEOS63A	1	3.75	5	0	5	5	1	0
A3H7VSVDYXA00O	1	3.44	3.76	0	5	5	19	0
A35EO441LXU9K2	1	4.0825	3.33	3	5	5	3	0
A1PEL4RKBSNET0	1	3.1725	3.33	2.82	3.22	3.32	30	0
A1EYPAO4U8B2ZV	1	3.6675	5	0	4.67	5	3	0
A3IVP857YLUUKJ	1	4.7925	4.17	5	5	5	27	0
A1QIWAWEXZWYBU	1	3.8775	3.14	3.8	5	3.57	8	0
A1A9BZDSCK82WS	1	4.9575	4.83	5	5	5	6	0
A3RBHTU8ACDJ4E	1	4.6925	3.77	5	5	5	13	0
A35PNBVSQCVAFE	1	3.5	4	0	5	5	4	0
A2O082RJ3GFK5U	1	2.8525	2.75	1	3.33	4.33	4	0
A1XKGAWLV8BR1Q	1	4.29	4.55	3	4.81	4.8	23	0
A3A31X27I7Y4UH	1	4.595	3.88	5	4.5	5	20	0
A21MK2DTR5ZJJ0	1	4.075	3.44	4.2	4.33	4.33	11	0
AJHIUDEKSW1RD	1	3.17	3.58	2.43	3.5	3.17	12	0
A3VGKL8XELRK88	1	2.3375	2.46	2.25	2.64	2	13	1
A3GDBVOQNV2NQI	1	3.2525	4.67	0	3.67	4.67	3	0
ALDTFZWMNJJXN	1	3.135	3.18	2.94	3.28	3.14	99	1
A24VBZXSLY80GN	1	3.08	3.33	2.59	3.67	2.73	24	0
A6K8EXQJA6A5U	1	5	5	5	5	5	4	1
AQ292PUTQ5UI7	1	2.9625	2.48	2.44	3.73	3.2	22	0
AYE8XGAZ3CK9N	1	1.6675	1.67	1	2	2	5	0
ARSBGE4L46MNW	1	4.63	3.64	5	4.88	5	24	0
AAHISD49UA8XP	1	4.9175	4.67	5	5	5	4	1
A3UWROVFPC6X5M	1	4.7	3.8	5	5	5	5	0
ATK2L9EK9TVGR	1	4.485	4.75	4	4.71	4.48	33	2
A3Y7JPT5WX92J	1	4.7675	4.76	4.79	4.76	4.76	19	0
A3FTKWRJSKZ4VH	1	5	5	5	5	5	2	0
A324HXK1PBJI5U	1	1	1	1	1	1	5	4
A2N293FN96JFPI	1	3.6675	4.67	0	5	5	3	0
A1N1X1NYAYFOOI	1	2.625	1.5	0	4	5	2	0
A23UQ2KZH7FOZG	1	3.625	4.5	0	5	5	2	0
A217F69HN3M789	1	5	5	5	5	5	3	0
AIMMBX6OPFIF9	1	3.1	2.4	0	5	5	5	0
A168APXKZ8VXAJ	1	4.5	3	5	5	5	3	0
A9BOVMKOEHDM1	1	3.3125	3.75	1	4.17	4.33	8	0
A1ADM0YYC2CQ0W	1	3.375	3.5	0	5	5	2	0
A2NWNML0Q7Y305	1	0	0	0	0	0	1	1
A1DMB6BVEDY8R8	1	4.0425	3.83	3.5	4.52	4.32	24	2
A1SDX1BFRYC12Q	1	2	2	0	3	3	5	0
A2G4ZM8VYVZEF4	1	3.125	1.5	1	5	5	6	0
ARI13FZ8M1XBT	1	4.7925	4.17	5	5	5	13	0
A1IRXOVH2T9HUW	1	1	1	1	1	1	2	0
A235EABRGE1QQN	1	2.75	1	0	5	5	8	0
A3RRZVECMOEG03	1	4.9175	4.67	5	5	5	3	0
AML6CMWWLB6XJ	1	2.9175	3.33	1	3.67	3.67	8	4
A3PBTMOF90ZCZG	1	0.75	0	1	1	1	2	0
A230NEU0QX0NSO	1	4.2925	3.5	3.67	5	5	25	0
A3O6WPXFW2HRTF	1	3.375	4	0	4.5	5	2	0
AKZZCEDUWTKMK	1	4.6675	5	3.67	5	5	6	0
A2APGRZXCP5MNZ	1	3.75	5	0	5	5	3	0
A2DY9QY6YQL6P7	1	2.4825	2.8	1	3.8	2.33	6	0
A38922HEG09W5E	1	3.25	2	1	5	5	8	0
AKZF9UP58OZC3	1	3.3175	3.6	0	5	4.67	9	0
A13YV2LD0WTS7K	1	3.4575	3.83	0	5	5	9	0
A1PI0NVSJRFVTP	1	3	2	0	5	5	1	0
AD5AX3X84I247	1	3.6175	3.32	3	4.24	3.91	33	3
A24GLRPZH69FUH	1	2.7125	3.6	1	3.25	3	5	0
AXVD8051S37AY	1	3.1975	3.19	0	4.75	4.85	25	0
AF72CZH9468MK	1	4.6775	4.68	4.44	4.74	4.85	33	1
AVM6Y04W5T8RX	1	3.75	5	0	5	5	1	0
A2CADSBQ5DP6IO	1	4.7225	4	4.89	5	5	16	0
A2D8C62K1A8KP1	1	4.9725	4.92	5	5	4.97	40	0
A1349FU2X0EF0N	1	0.25	1	0	0	0	1	0
A2HN38GUC0CZ3A	1	4.725	4.8	4.33	4.77	5	26	0
A2JLPDE1B6WHDQ	1	4.75	4	5	5	5	3	0
A2G8YSUBJG66QK	1	2.25	2	1	3	3	4	0
ADDPBQ3O9340Q	1	5	5	5	5	5	3	0
A1A39T4EKQIE9K	1	4.0225	2.67	5	4.67	3.75	7	0
A3PE2WFW7YARFR	1	4.65	3.93	5	4.67	5	15	0
A3VW8A3BOUE7Q2	1	5	5	5	5	5	2	0
AEQN9TUV5U17Y	1	3.75	5	0	5	5	1	0
A03257389PZSORY2QAKJ	1	2.915	3.21	2	3.13	3.32	24	0
A1WJ9UZI0S8AVW	1	4.8325	4.33	5	5	5	9	0
A3FXZ4DYRL6601	1	3.75	5	0	5	5	2	0
A1EPW14G6BUGH2	1	4.25	3.33	3.67	5	5	3	0
A2U3M0QQNRQI09	1	2.7175	3.29	1	3.29	3.29	8	0
A1Y60GLKWAPKFR	1	1.25	5	0	0	0	1	0
A133PH0WNTWBS1	1	4.8075	4.23	5	5	5	61	0
A17SG3PCAE3F9S	1	4.625	3.5	5	5	5	2	0
A2CFXHLASAPFN0	1	5	5	5	5	5	5	4
A14DDT9HK8F9N8	1	3.125	2.5	0	5	5	2	0
A1N7CZTVXCZEWR	1	4.83	4.32	5	5	5	19	0
A2DV2SSGO5MX7O	1	1.915	2.55	1	2.61	1.5	32	0
A2GTD10I67CYMN	1	4.3575	2.43	5	5	5	7	0
A2OCLS8GA5HWLJ	1	4.8325	4.33	5	5	5	3	0
A33A1NSOMCX6DW	1	4.595	3.75	4.78	4.9	4.95	55	0
A297DCPEV7AB45	1	2.6825	2.9	1.83	3.22	2.78	10	0
A1ZUSV148G9OWJ	1	2.2075	1.33	1	3.5	3	3	0
A34Q9BWURAVPI4	1	4.09	4	4	4.25	4.11	11	0
A3F7LYWUVM3U09	1	5	5	5	5	5	5	0
A1C6GAPI0IIGT6	1	3.075	3.43	1	3.67	4.2	8	0
A2ISFY93WKRH4R	1	3.8125	3.25	5	4	3	4	0
A3OBKR5T9K0W9D	1	3.5	4.5	0	4.75	4.75	4	0
A1D3TEW14SPDKU	1	4.67	4.21	4.63	4.89	4.95	106	0
A15TFS9BXQ9E30	1	3.625	4.5	0	5	5	2	0
A370X3Z5H3SRXX	1	4.3325	3.35	5	4.65	4.33	31	0
A1IU4E852JNCLD	1	3.6925	4.03	1	4.87	4.87	37	0
AX1P7C9CDZMBQ	1	4.95	4.8	5	5	5	11	0
A3BR95WQZ94ADR	1	3.9975	3.76	3	4.73	4.5	17	0
A2VZPREYP5UDE1	1	3.7075	4.83	0	5	5	6	0
A1VXU7UWGLCLIV	1	3.45	3.8	0	5	5	5	0
A1L0AFPUDAT6VX	1	3.75	4	1	5	5	2	0
A3F2ELCFTPI9GB	1	4.7175	4.14	5	4.82	4.91	32	0
A1JFN2E6FQWYZW	1	5	5	5	5	5	3	0
A1N1YFYVJGJSBR	1	4.4525	3.97	4.67	4.65	4.52	61	0
A2EV5G5P7PZS00	1	4.625	3.5	5	5	5	4	0
A3I0HWW11ZSKEJ	1	4.8175	4.34	5	4.93	5	59	0
A3INOEQSBNJES5	1	4.375	4.14	4.13	4.64	4.59	77	0
A1Q499OCOVLIQV	1	2.8225	3.38	2	2.19	3.72	35	4
A15NGRMOJZ2B16	1	0.25	1	0	0	0	4	1
A296B6EE906XGW	1	3.5625	4.25	0	5	5	8	0
A3C49SQG72QKBM	1	0.25	1	0	0	0	3	0
A3M2RP0GL2QNRA	1	3.625	3	3	3.5	5	2	0
A2XM765YM1E5NV	1	4.97	4.88	5	5	5	8	0
A1U666ET6RL45G	1	3.66	3.31	3.43	4.02	3.88	62	1
A1VP9Y6V1FGYN1	1	3.3075	3.36	3	3.2	3.67	24	17
A3OST93NH2Y2FM	1	3.665	3.79	3.4	3.65	3.82	20	0
A1EEX2FVTYSMCZ	1	4.8625	4.67	5	5	4.78	9	0
A1XFGLB9IGB4KE	1	3.265	3.49	2.43	3.24	3.9	87	3
A3QT4DVSSRDTVN	1	4.225	3.79	4	4.26	4.85	28	0
A2C5ODE2MXIX1X	1	3.5	4	0	5	5	1	0
A1ZGK0OLH0DB1W	1	4.875	4.5	5	5	5	2	0
AI44KSBORMS4H	1	3.77	3.73	3.54	3.43	4.38	34	0
A3TI30AUK3TNP3	1	3.12	3.04	2.22	3.69	3.53	26	0
AJ1ZLZBZXBUCO	1	3.5475	3	3.86	3.53	3.8	16	1
A3V161TRGAXFEH	1	3.685	4.5	1	4.86	4.38	14	1
ALB07MEKFWKUN	1	3.75	5	0	5	5	1	0
A22LP0UU8HQ5AW	1	4.1575	4.22	4.13	3.96	4.32	27	0
AL67DFEOP3BP5	1	5	5	5	5	5	9	0
A4W6F7C8EKV44	1	4.3075	4.33	3.67	4.54	4.69	18	0
A25JO3AFLCG6V0	1	4.07	3.7	4.25	4	4.33	10	0
APNCB3U1W7UA0	1	4.845	4.69	5	5	4.69	14	0
A3O9WUYWEO1OSM	1	4.6225	3.63	5	4.86	5	16	0
A26UJ9XVWTBL2T	1	3.73	4.92	0	5	5	12	0
ARNDPG18BP0RJ	1	4.4075	4.65	3.78	4.6	4.6	70	0
A2D5FV57KXHFKN	1	3.5	5	0	4	5	1	0
A2940PLDMHBJ9I	1	3.37	3.06	2.75	3.67	4	18	0
ATFRY2Y8GKMLH	1	4.25	3.14	4	4.86	5	8	0
A136CJAWU1E9OY	1	1.9525	2	1.67	2.14	2	16	12
A13WJ7ZH6J3TIU	1	0	0	0	0	0	1	0
A39FQZBQVDT63	1	3.75	5	0	5	5	1	0
A2C8H8NU8LE1K4	1	2.2	1.8	1	3	3	6	0
AXHKHW78K9HN5	1	2.375	2.5	1	3	3	4	0
AIYJSFMZ82I42	1	4.5	4.17	4.83	4.08	4.92	12	0
A2B1U3ZNFN45EY	1	3.25	4.33	0	4.67	4	4	0
A2IH03QR5BZXEO	1	5	5	5	5	5	3	0
A5A3KZBDMVWOO	1	0	0	0	0	0	1	1
A2IWVBCMPEM13Q	1	2.9375	2.75	1	4	4	4	0
A2IZBV4VJ88P5X	1	2.105	2.14	2	2.14	2.14	7	0
A1S8OO0OJ89QZF	1	2.835	3.67	1	3	3.67	3	0
A1Y2IIUNCNZ32U	1	4.9575	4.83	5	5	5	7	1
A1BCI3SERVAQVE	1	2.75	1	0	5	5	1	0
A32U3S9GPQS4RT	1	2.875	3.5	0	4.33	3.67	5	0
A128S72E1O18Q3	1	0.25	1	0	0	0	2	0
ABZQ7ZA5T8LK1	1	0	0	0	0	0	1	0
ADOEGWB6P9ONG	1	3.535	2.14	3.33	5	3.67	8	0
AOO3Q385VLGLS	1	3.375	3.5	0	5	5	2	0
A2SXAT7VJ9IHBH	1	3.45	3.4	3	4	3.4	5	0
A1XK2SQ0Z4SCPP	1	4.445	4.56	4.33	4.33	4.56	9	0
AVDK07XI9FSJB	1	2.9175	1.67	0	5	5	3	0
AQCHR1FPWVFRK	1	3.305	2.91	3.33	3.31	3.67	26	6
ADWWO1HSTPYS5	1	4.1675	2	5	4.67	5	5	0
AN3VRTTRYD3D6	1	3.775	3.97	3.29	3.92	3.92	33	1
A3T9FY4FVHUSXD	1	4.9	4.69	5	4.91	5	15	2
A38DOPPMIG2QTQ	1	3.25	3	0	5	5	4	0
A1Z9PDLXJLGSR9	1	4.5	3	5	5	5	2	0
A3F52QUGI2RNWY	1	3	2	0	5	5	4	0
ALQ8DTU4XFXQ	1	4.2025	4.47	3.4	4.47	4.47	17	0
A3ALUZKW8NUGU6	1	4.475	2.9	5	5	5	12	0
A19YWY6E1CP566	1	4.0525	3.63	4.11	4.47	4	27	0
A2RUY7E8YEXNRT	1	4.3375	3.75	4	4.8	4.8	5	0
A24C77IFXXXBTB	1	5	5	5	5	5	13	0
A37EIUO3J16W48	1	2.8	2.2	1	5	3	6	0
AQHP2BRXTHJUD	1	2.6575	2.67	2.14	2.6	3.22	10	0
A29J4K4JLSC5NI	1	3.66	3.7	3	4.3	3.64	12	0
A9NK2UMY2BDSV	1	1	1	1	1	1	1	0
A2A62I08WOOBFL	1	3.4225	3.56	2.56	4.16	3.41	19	0
AEU3H8GUL27PE	1	3.0575	2.94	2	3.85	3.44	20	1
A2BXT12GC0UVMU	1	3.8125	2.75	4.5	4	4	5	0
ARGI15N0ARLSF	1	4.8775	4.65	5	4.91	4.95	25	0
A2GY39P5ZRRI0E	1	4.9775	4.91	5	5	5	11	0
A3UP3IBADZYRWA	1	3.75	5	0	5	5	1	0
A2JBZFUFVXWFXH	1	3.6775	4.71	0	5	5	8	0
A1U9LBNA2OXSYA	1	5	5	5	5	5	2	0
A3R5BNOR1H8IHB	1	5	5	5	5	5	12	0
A2T618GHLZI3SA	1	2.2075	2.5	1	3	2.33	3	2
A24US7SXY8ZQK9	1	4.85	4.58	4.92	4.9	5	13	0
A39MG8WRQS6BVS	1	4.3125	4.5	3	5	4.75	4	0
A2PNNJH0WSGV83	1	2.7925	3.17	1	3.6	3.4	6	0
AOCWM7JMUM6AX	1	3.0825	1.33	5	3	3	3	0
A3LPKJ3C8DPE8O	1	3.0825	3.33	3	3	3	3	0
A1ATES40ZPE477	1	4.38	3.23	5	4.56	4.73	32	0
AMSDVFFVDUXY4	1	4.4375	4.5	4	5	4.25	4	0
A12RNRZG3BMBBG	1	4.0825	2.57	5	4.33	4.43	15	0
A2W56V7XFWUFF9	1	3.85	4.13	2.8	4.55	3.92	34	0
A3FCJX0FTFAB96	1	3.7	2.78	3.67	4.21	4.14	23	0
A15Q0MOIFZ38DL	1	3.4175	4	0	4.67	5	4	0
A2Z2EB6ZLZOI4V	1	3.1875	3.75	1	4	4	4	0
A17O0L3776LN8I	1	2.675	2.43	1	4.67	2.6	7	0
ACG6BC501YHFW	1	1.9575	1.5	2	2.33	2	6	0
AKFI1AA4RP3H5	1	3.75	5	0	5	5	4	0
A29V02WMRSOMWF	1	3.8975	3.67	2.67	4.56	4.69	20	0
A35NZEO03E73BW	1	3.4825	4.1	0	4.83	5	11	0
A1CTI3ZAWTR5AZ	1	2.13	2.26	1.4	3.03	1.83	123	0
A2YKFXU43C6AQN	1	4.9525	4.84	5	4.97	5	32	0
A36TTT4HLA03FP	1	4.99	4.96	5	5	5	25	0
AF2N0YJJ856KU	1	2.74	2.97	2.29	2.81	2.89	42	0
A1E6AB785Y9FNZ	1	4.3675	3.45	4.57	4.63	4.82	93	0
A35QMWMRU93SRV	1	3.4	2.75	3.11	4	3.74	28	2
A1FVAVBJHU9B21	1	3.7	4.8	0	5	5	5	0
A2WEBYM0PMUCYK	1	3.13	2.94	3.41	3.2	2.97	34	0
A3AK76QJQ4RP1G	1	3.735	4.12	2.33	4.25	4.24	22	0
AIUGB4HET3PFN	1	4.8625	4.67	5	5	4.78	10	0
A1I0D2AANN8HT	1	5	5	5	5	5	2	0
A372K17HINR7NW	1	4.25	3	5	4	5	3	0
A1NVALNK7ALU62	1	4.3125	3	5	4.25	5	12	0
A3D5M3KXSUKNI8	1	4.775	5	4.5	4.6	5	5	0
A2JQ49YC9MOJZ1	1	4.95	5	5	4.8	5	7	0
A1LLE7NVUHM2ZX	1	3.5025	3.67	3	3.67	3.67	4	1
A2MEQDH709IZ4I	1	1	1	1	1	1	2	2
A138AT0BU7Y0K5	1	5	5	5	5	5	2	0
AUP8ZZ1Z21KHE	1	3.4375	4.75	0	4	5	13	0
A319Q2YH65D05H	1	4.2075	4	4.5	4.33	4	3	0
A329CNW2DQGVJ3	1	4.145	4.25	3.67	4.33	4.33	13	0
A1S2I2VGTY5BAX	1	4.5125	3.96	4.29	5	4.8	27	3
A1TOCEZJHRZJVG	1	4.735	4.59	5	4.64	4.71	20	4
A1VPBBNIKFOQHS	1	3.75	5	0	5	5	2	0
A3MX44TDYCA6JW	1	2.7975	2.88	1.8	3.38	3.13	8	0
A12HE6GCHB3HKD	1	1.25	1.67	1.33	1	1	7	0
A1WBOT7W4K55JV	1	3.26	3.9	2	3.43	3.71	10	1
A1YBGN1GG3Y0IA	1	3.44	2.95	3	4.1	3.71	24	0
AGB5WEP6VC25E	1	4.6375	4.18	5	4.58	4.79	22	0
A3RYMN96RLLCXU	1	4.155	4.05	3.8	4.33	4.44	20	0
A1ZFJQDYKZXF1T	1	3.1575	3.26	2.71	3.3	3.36	41	0
AJ1XMH5L5JHD8	1	4.4325	4.53	4.2	4.36	4.64	15	0
A3UZP6E2ZGDFMO	1	4.915	4.93	5	5	4.73	15	0
AKNRLGU6TZAXJ	1	4.6575	4.43	4.2	5	5	7	0
A22IC4PFEEMG13	1	4.1675	3.23	4.16	4.6	4.68	54	1
AL583HME16L25	1	4.59	4.12	4.56	4.84	4.84	28	0
A246A5LRQ5NEN6	1	4.7075	4.45	4.71	4.78	4.89	47	0
A1A7E5UB06U9BU	1	4.0625	3.67	3.86	4.47	4.25	19	4
AGIHZ9FWD0I9S	1	1.5275	1.57	1.57	1.57	1.4	10	0
A26RELGN2AX0LA	1	4.875	4.91	4.86	4.73	5	11	0
AR6MXRKDX6EXF	1	4.5775	4.61	4.24	4.68	4.78	76	1
AABYRIQ5E6Y5Q	1	4.305	3.22	5	4.53	4.47	26	0
A1L4GJNGOPT33K	1	4.22	3.58	4.33	4.64	4.33	37	0
ABFE289P49H7Y	1	3.75	5	0	5	5	1	0
A1C8XSWTX9KKHN	1	2.4375	2.71	2	2.71	2.33	9	0
A354FVL08E3RBT	1	5	5	5	5	5	5	0
ABOLYIDD38SWN	1	3.51	3.89	2.6	4.22	3.33	13	0
A3R6VVEOHW4608	1	3.75	5	0	5	5	2	0
AKXZZO6RYWFLN	1	3.085	3	2	3.67	3.67	12	0
A34Z13G00ZUP5W	1	3.75	5	0	5	5	3	3
A35RQSIIWD1QBW	1	0.25	1	0	0	0	1	0
A2NCLWL3H027AB	1	3.2925	4	1	4	4.17	6	0
A15O8K3ZH4ZAZ9	1	3.25	5	0	3	5	1	0
A20IV93B0I0XR5	1	3.25	3	0	5	5	1	0
AFTNX2925Y8KZ	1	3.1675	4.67	0	5	3	4	0
A26V7VSN9DLVL7	1	3.5	4	0	5	5	1	0
A2NR20UP4FNC5E	1	2.5	1.64	2.8	4	1.56	11	0
A1JX9XGMDUEPPU	1	4.1725	4.27	3	4.75	4.67	12	0
A36F5W5ER0RMGM	1	4.87	4.83	5	4.7	4.95	25	1
A1I1NE1X87Z5LR	1	3.3125	3.25	0	5	5	4	0
A3DZUVM14HDK3N	1	4.2775	4.11	5	3.89	4.11	9	0
AOS2DBC0S5TVA	1	1.87	2.09	1	1.5	2.89	13	0
ACRRYH6LJKJ0J	1	5	5	5	5	5	2	0
A1W49MPSJ0LWGU	1	1.9	1.67	2.33	1.8	1.8	10	5
A3RWE2QJ6TL5JN	1	5	5	5	5	5	19	0
AQRLC5QMT9X9R	1	3.5	4.5	0	4.5	5	3	0
A2MSFYR13FESOZ	1	3.875	3.31	3	4.55	4.64	14	0
A1BS1NHHMCEE8Z	1	3.1	3.4	1	4	4	5	0
A19ZFIPGV4XSCX	1	3.7675	3.67	3	4.2	4.2	11	3
A1BKRBAO6BOADJ	1	4.875	4.5	5	5	5	4	0
A1WS067Z3OPZ4V	1	4.5825	3.33	5	5	5	4	0
A3PLN4CA12RNL1	1	4.3	4.2	3	5	5	5	0
A2BCYI0LV8FYP1	1	3.75	5	0	5	5	2	0
A14X7JYJ2RBM79	1	1.25	5	0	0	0	1	0
A2OF1PQLIRJW2T	1	4.705	3.82	5	5	5	12	0
A37Y2NN7EH6MIR	1	3.75	5	0	5	5	2	1
A1BA860I4QJHFT	1	2.825	2.36	2.29	3.36	3.29	22	0
A29FNYZFTFCQ1L	1	2.6775	1.58	2.33	3.4	3.4	12	0
AU9HXYTGV7XZ2	1	5	5	5	5	5	18	0
ACMHOZ7RVSDYL	1	4.79	4.68	4.6	4.93	4.95	87	0
A1ARYHWGG52D8V	1	2.8325	2.31	2.78	3.09	3.15	19	0
A2BRW4CEK8D7GO	1	4.2575	4.08	3	4.95	5	24	0
A2E7AY9FV0CR5L	1	3.9	4.5	1.5	5	4.6	6	0
A2MDSGFS0073LW	1	4.205	3.23	4.09	4.72	4.78	76	0
A3E5DB4N9ZECPD	1	3.895	3.05	3.67	4.13	4.73	21	0
A10ULZPDYV8QYV	1	3.5	5	0	4	5	2	0
A67B8OFMLIRTD	1	3.3275	2	3.67	4.14	3.5	9	0
A2J73WW6CQ60SS	1	2.5625	2.18	1.67	3.8	2.6	16	0
A141BVS79EM5I4	1	4.0225	4.4	3.43	4.35	3.91	23	0
A2KQKIJDIJBL16	1	3.0425	3.54	2.38	3	3.25	61	9
A2GF5ZKFAAI8KB	1	3.345	2.11	5	3.67	2.6	9	0
A1IWCAELIKUG2S	1	4.985	5	5	5	4.94	16	0
A2X0VTUFTKQF3R	1	3.25	3	0	5	5	1	0
A006153821C819I8MVQC9	1	3.81	2.88	5	2.86	4.5	10	0
ALN80XHBXTWRR	1	4.5825	3.33	5	5	5	4	0
A2RY3VMBI83B8P	1	5	5	5	5	5	1	0
A33CXQ9HKBBTDA	1	4.075	3.57	3.86	4.6	4.27	17	1
A11HABGEZWI0OZ	1	4.25	3.21	4.14	4.71	4.94	20	0
A19PNHLUCHJ034	1	3.0825	1.33	1	5	5	7	0
A2TU7SOXKB63P1	1	2.035	2	1	3	2.14	11	0
AWW4USMPUV3JI	1	4.75	4.17	5	4.83	5	6	0
A12PGNNJHGXAGI	1	4.11	4.5	3.4	4.23	4.31	14	0
A2VZU2Q1H3Y2KA	1	2.445	2.62	1.4	2.36	3.4	14	0
A1IZSYKCRCOU17	1	3.75	5	0	5	5	1	0
A1402JAHG9LVEH	1	2.2825	2.71	1	2.71	2.71	9	1
A2XKT7XO57ZS9C	1	3.6025	3.44	3	4.07	3.9	39	0
A3AX0JUXROUMMG	1	0.75	3	0	0	0	2	0
A2P25RGTN9NL93	1	3.72	4.88	0	5	5	8	0
A17GWB9OBLBJV5	1	2.4175	2.83	1	2.67	3.17	6	0
A22MZ8U4HJK2B2	1	4.54	4.6	4	4.78	4.78	20	0
A1BM35NPP0Y6VB	1	4.6525	3.94	5	5	4.67	22	0
AAE8HYZ2P1HCS	1	3.665	3.33	3.55	4.07	3.71	15	0
A1PIAZPU9OQ68N	1	4.5	5	3	5	5	2	0
A36GVQJBSD0AB5	1	3.9725	4.07	3.22	4.46	4.14	39	0
A1HI0VMNBVD5TW	1	3.3575	2.5	2.33	4.4	4.2	10	0
A385N1A6D2NB53	1	3.275	2.18	2.6	4.07	4.25	37	0
A2NUVL0Q9ZVTM7	1	3.75	3.6	3	4.2	4.2	5	0
ADFF41A252H5Z	1	4.27	2.83	4.5	4.75	5	6	0
A3BDJQ24X3I9LF	1	4.9325	4.73	5	5	5	11	0
A2TG63MH5A6MW4	1	4.4375	3.75	4	5	5	4	0
A2FNZCP7W67ZA2	1	4.945	5	5	4.78	5	10	0
A3CXZI2LD4I5UW	1	1.47	1.63	1.1	1.57	1.58	151	3
A3I2ONLD2ZQWH4	1	0.75	3	0	0	0	1	0
A23BI0CZEU4ZJN	1	3.8325	2	3.33	5	5	4	0
A3EN6U75GBXG8T	1	2.9175	1.67	0	5	5	4	0
A15OP6X355VN67	1	1	1	1	1	1	3	1
A1MPL3YJI1LE8G	1	4.3775	4.48	4.03	4.46	4.54	46	0
A1OUPIHT5WH9FM	1	3.45	3.8	0	5	5	5	0
A3BF488GH9XCFO	1	3.5825	4.33	0	5	5	3	0
A3HXCIAG0NQ3K7	1	4.075	4.06	3.77	4.41	4.06	37	0
A33I6WL4EVDOT	1	3.95	2.4	4	4.8	4.6	5	0
A1PWZ3QR4FV7KQ	1	4	5	1	5	5	5	0
A3LAKNWSC026VL	1	4.2575	4.13	3.67	4.73	4.5	17	0
A21OD3Q4LP2ABZ	1	4.5025	4.25	5	4.38	4.38	8	0
A1S00K4T2IGLP	1	3.5	4	0	5	5	1	0
A3KDCQ8D54U95W	1	2.4175	4	1	1.38	3.29	12	0
A1FOM1JFU954FK	1	4.4725	4.44	4.33	4.56	4.56	11	0
A3MUGY4T3SX6ZQ	1	4.585	3.67	5	4.67	5	3	0
A3OE2DVPUYD4G6	1	3.11	3.18	2.43	3.73	3.1	22	0
A1WALZUOJ34ETK	1	3.9475	3.82	2.78	4.65	4.54	47	0
A3BCIY4UKGRZPX	1	2.125	2	1	2.5	3	7	0
A1Y89Y0WFI33I4	1	3.5	4	0	5	5	1	0
AFX1D8GW8BJYM	1	3.1825	3.34	2.13	3.79	3.47	60	2
A2LZAIMDFAAAZA	1	2.48	2.75	1.67	3	2.5	6	0
A1ZD5HTZ97FH5L	1	4.1875	2	5	4.75	5	5	0
A2117XOF7QITKV	1	5	5	5	5	5	8	0
AJ0VOWLXNHPJ	1	3.535	2.54	3.4	3.93	4.27	34	3
AUP8YXWJ9ST75	1	3.1525	2.2	4.67	3.14	2.6	7	0
AL3NNK5BXHWTK	1	3.07	3.71	2	3.71	2.86	23	0
A4CEV0K4URDTQ	1	3.75	5	0	5	5	1	0
AN7FQI295BH7P	1	4.5075	4.63	3.67	5	4.73	16	0
A6789MJJ7CBMA	1	4.0925	4.32	3.6	4.21	4.24	79	20
A30HMRZZ30NPSB	1	2.96	2.75	2.69	3.4	3	29	1
AOZDAKDJ4NZF0	1	4.06	2.53	3.8	4.91	5	17	0
AGVH5GTM7OT89	1	5	5	5	5	5	6	3
ATAFYYO3C89DU	1	3.03	2.79	1.5	3.73	4.1	15	0
ABA0TJ2Y875G3	1	4.48	4.53	3.67	4.86	4.86	31	0
A24J9M8V5SN3Q2	1	5	5	5	5	5	4	0
A25ABNB41T2WDJ	1	5	5	5	5	5	6	0
A1VCTZKBJEOP07	1	3.75	5	0	5	5	2	0
A3FBN75KXAQLSI	1	3.25	3	0	5	5	1	0
AMRB795WLI5MJ	1	0.25	1	0	0	0	2	0
AVNU2IZRVEFXB	1	3.4375	3.75	0	5	5	4	0
A1TH84VBOHSWVA	1	3.8325	3	5	5	2.33	3	0
A3DUUZVC3M4HXU	1	0	0	0	0	0	1	0
A2BUVL3C75KVPV	1	5	5	5	5	5	6	0
A2L9LGO0KXR62P	1	0	0	0	0	0	1	0
A3SAJKJNFOPBUW	1	3	2	0	5	5	1	0
A2BKRN4EL2TI86	1	0.25	0	0	0	1	1	0
A687MKEY2JOMB	1	4.84	4.69	5	4.67	5	13	0
A3GH7IQUL32BNC	1	3.3325	3.33	0	5	5	3	0
AD5IU9W9QRP8Y	1	1	1	1	1	1	1	0
A22ZFD8ETIXR5Z	1	4	3	3	5	5	4	0
A1HKCA91OANU8K	1	0.5	1	1	0	0	4	0
AW6OKFW9O4LL0	1	4.88	4.8	4.89	4.9	4.93	31	0
A1BH2LJQNPE3WA	1	3.15	2.69	2.33	3.33	4.25	37	0
A1CXJ8H4A2DG1A	1	3.5	3	1	5	5	9	0
AB5XGJ80V0YVA	1	3.17	2.89	2.6	3.82	3.37	20	0
A3GPQ9GA44SGEI	1	3.3675	4.67	1	4.67	3.13	8	0
A2BS6QOTQPDYQ1	1	3.65	3.6	1	5	5	5	0
A13A67BLDNNLX0	1	4.9375	4.75	5	5	5	8	0
A36MRBHD1T9RQT	1	3.7075	4.83	0	5	5	6	0
AQEUA417UK6Q0	1	5	5	5	5	5	5	0
A16RP5UO81RNFK	1	2.9775	2.42	2.2	4.17	3.12	28	0
AJVD48XPAQA6T	1	3.4175	5	0	5	3.67	3	0
A166WMTOF8PQCK	1	4.6125	4.19	4.67	4.75	4.84	27	0
A1LRGPPM2HVZEH	1	5	5	5	5	5	1	0
ARN3Y8Y3DSNX3	1	2.5	0	0	5	5	1	0
A3DE1F4QFTTT7R	1	0.25	1	0	0	0	1	0
A2E9GY8WPVQLLH	1	2.1475	1.33	2.33	2.6	2.33	8	1
A2SMST6TWCWR3U	1	4.2075	4	5	4.5	3.33	4	2
AWWVH12PGKLCK	1	1.855	1.86	1	2.43	2.13	9	0
A29DHXNXQ42PO	1	3.6075	3.04	3	4.19	4.2	30	0
AU25G4H1MLIGA	1	3.75	3.91	2.86	4.26	3.97	36	0
A1GN5WHL444UDR	1	4.9525	4.85	5	4.96	5	26	0
AXKBO5V1Y75RL	1	3.7225	3.57	3.33	3.74	4.25	24	0
AE7JBCNF8US46	1	4.065	4	3.67	4.26	4.33	49	15
AOLIY8EYJQT30	1	4	3	3	5	5	1	0
A2BI1DI3OWAC8X	1	2.5625	2.25	0	3	5	5	0
A27YO8GZI2YIVY	1	4.4825	4.33	4.4	5	4.2	6	0
A1F67L2UUSNH70	1	4.75	4	5	5	5	1	0
A2YIYIKIQQUK5G	1	4.02	3.48	3.25	4.71	4.64	23	0
A256GJL6JKFB79	1	4.395	4.42	3.86	4.92	4.38	13	0
A2J71OOX1PW8M4	1	3.2625	3.44	2	3.11	4.5	13	4
A2AVAAOFBMT5A7	1	2.7075	1.5	4	3	2.33	4	0
A3FFT138GZRKXF	1	1	1	1	1	1	2	0
A14A6PJOANLTP5	1	4.875	4.5	5	5	5	9	1
AVO0CU0ZM88MT	1	2.545	2.71	2.33	2.43	2.71	7	0
A330SU74WATUYX	1	1.25	1.5	1	1.5	1	3	0
A11EAP35FNEVN7	1	4.6325	3.8	5	4.87	4.86	22	0
A2TFGM2DHIYB6B	1	4.6175	4.38	4.57	4.8	4.72	56	0
A3SGEMAIL4P80V	1	1	1	1	1	1	2	0
AMS1YB9ZYP9SM	1	4.03	3.43	3.83	4.43	4.43	8	0
A3FMP0PP7KZHY7	1	2.75	1	0	5	5	2	0
A2XHWH40WRYG38	1	2.6925	2.57	2	3.2	3	7	0
A2JZALOX7F4XX9	1	3.75	5	0	5	5	9	0
A151QZ1USQU0B2	1	3.7975	3.91	2.86	4.33	4.09	24	0
A2E7CAM7W465PL	1	3.4175	3.67	0	5	5	3	0
A2YTOX7SEDJ1TC	1	5	5	5	5	5	17	0
ARPUGQAZZWZ0A	1	4.6675	5	5	3.67	5	3	0
A174QMSC0ZRXZT	1	4.45	3.94	4.27	4.84	4.75	38	0
A2J2O5STGCTAH2	1	0	0	0	0	0	1	0
A1KWAD9ECV2X5W	1	3.5	4	0	5	5	1	0
A1PYKYJFJ4ZOUH	1	1.25	1.31	1	1.36	1.33	16	3
A1B8T03Z24Y97B	1	3.605	3.5	3.67	4.25	3	4	0
A1G44QJ5763G37	1	4.75	4	5	5	5	4	0
AHEOQ75N66IRM	1	2.4375	2.75	1	3	3	4	0
A36GMJHM1BWY1A	1	4.685	4.71	4.54	4.56	4.93	69	0
A37I8GGF6ETKZU	1	3.865	4.36	2.84	4.15	4.11	70	0
A1DQVDF7J9ERWL	1	3.375	3	3	4.5	3	2	0
A1HLHHC4KIJB8I	1	4.5025	4.67	4	4.67	4.67	23	0
A383PKHPRRUQX4	1	4.85	4.4	5	5	5	5	0
AVQNI1YHJF1D0	1	3.2225	3.89	1	4	4	9	0
A1DPSOS81SRTXG	1	3.8	4	3	4.2	4	5	0
A34NJKLS08UKFD	1	5	5	5	5	5	2	0
A3B1HX2UPXUQQN	1	3.125	2.5	0	5	5	4	0
A22WZIUWXLJ30D	1	4.73	3.92	5	5	5	12	0
A1J08AVASY85P	1	4.655	4.2	5	4.71	4.71	15	0
A3SD561NK5W3C6	1	3.75	5	0	5	5	6	0
A2B59ZA8UHIST4	1	3.75	5	0	5	5	1	0
A1L4NCD6NQWAOQ	1	4.8675	4.52	5	4.95	5	21	0
A20FY9ZVMIT7BW	1	3.625	4.75	0	4.75	5	5	0
A3EJQE3MYC5O2N	1	3.75	5	0	5	5	5	0
A3GAVAUPTHM0B8	1	3.75	5	0	5	5	4	0
A1OOHJU0IPP89Z	1	2.35	2.5	1.2	2.74	2.96	54	0
A3QBUUYCNAYMMZ	1	4.9175	4.67	5	5	5	4	0
A1RPEITCVSBUQJ	1	4.71	4.45	4.66	4.84	4.89	181	2
A1K09FP8Y5ML05	1	4.025	2.66	4.15	4.62	4.67	59	1
A1THGIZKDKHAXS	1	2.9975	1.5	2.75	3.79	3.95	55	0
A3MQX9PPWJRIMP	1	4.9	4.6	5	5	5	100	0
AEJIBSA3R5FDB	1	3.8	4	3	4	4.2	5	0
AWNHLPA4JBXOO	1	3.375	3.5	0	5	5	2	0
A1W9VTACEP8DA8	1	2.75	1	0	5	5	7	0
A3NP58OP2X5XJ2	1	0.25	1	0	0	0	1	0
A1Y449NT920WTJ	1	3.4175	3.67	0	5	5	4	0
AFOMP9IQ4M5KY	1	3.375	3.5	0	5	5	4	0
A20TPGT5XA3LB8	1	4.9175	4.92	4.82	4.99	4.94	90	0
A3UELRWMNBEIKC	1	2.5425	2.33	2.5	2.67	2.67	12	0
A2225W39HC2E4I	1	2.8075	3.56	2.02	2.35	3.3	115	0
AL0P26NTBJRYZ	1	3.105	3.05	2.44	3.11	3.82	20	1
AMZKCU4D3WQKC	1	4.7875	4.6	5	4.8	4.75	6	0
A61GGQZCA2KVI	1	4.1025	3.78	3	4.63	5	11	0
AKOVG2A0FUCDX	1	3.1725	2.83	2.55	3.81	3.5	20	0
A25069DKQSZRAZ	1	4.805	4.34	5	4.92	4.96	30	0
AOSJTYU5BJRCK	1	4.4375	4.06	4.48	4.53	4.68	63	1
A7SD3OT5ZKQEL	1	4.8275	4.79	4.79	4.73	5	46	0
A1ER2EGTMUN55G	1	3.75	5	0	5	5	1	0
A26NQD9C9SIR48	1	4.6225	4.5	4.33	4.83	4.83	50	0
AQUHR66T4C6JM	1	2.075	2.46	1	2.64	2.2	16	1
A7GC7TFL6VHJ2	1	1.73	1.19	1.58	2.05	2.1	44	1
AAWHB5RDMECIE	1	4.6825	3.73	5	5	5	12	0
A25COT2DXNRTI9	1	0	0	0	0	0	1	1
A2BOONC8CMSO8X	1	1.6675	2.67	0	1	3	3	0
A1HJN3IV1EA1V6	1	4.75	4	5	5	5	3	0
A13PNDK4YW47PL	1	2.4175	2.67	0	3.33	3.67	4	0
A3L3VGCZCGH8C4	1	2	1.5	1	2.5	3	2	0
A78OYHWKSJHRQ	1	3.6675	4.67	0	5	5	3	0
A3F8X71UVBQOX1	1	4.75	4.5	5	4.5	5	2	0
A2ZWGMNX3XPDMF	1	4.54	3.83	5	4.33	5	6	0
A1BL4NRBRKT1LE	1	2.95	1.8	0	5	5	5	0
A2DEPB3AQUIAP0	1	4.125	5	4	3	4.5	2	0
AABMX8NLV6KJZ	1	4.69	4.37	4.71	4.84	4.84	27	0
A2NXTVKSP5DLUV	1	5	5	5	5	5	3	0
A2FXZCJCAWA9SZ	1	0.25	0	1	0	0	1	0
A3KNZDT6H0IGL0	1	3.25	3	0	5	5	2	0
A3LQJV6DT62E80	1	4.75	4	5	5	5	5	0
A2XJMS2J2FMVXK	1	5	5	5	5	5	3	1
A30HSJMW8KU6SL	1	2.645	3	1.8	3.13	2.65	18	0
A11HDIBBEZWRYK	1	2.7025	3.17	1	3.09	3.55	12	0
A9O2GQAL01DME	1	2.55	2.8	1.6	3	2.8	15	0
AOL5RIPHKIK7B	1	4.5325	3.13	5	5	5	9	1
A307KDPJXLYSGC	1	5	5	5	5	5	3	0
A2JB3X6GJLP8GM	1	3.0025	3.67	1	3.67	3.67	3	0
A3UF6O1R2X112U	1	1.625	1.5	0	0	5	2	0
A2RWK8G7LL9IMS	1	3.875	4.5	1	5	5	3	0
A14LQP72J11LT6	1	4.3575	3.43	5	4	5	7	0
A129OCVG4Y5W3N	1	0.25	1	0	0	0	4	4
A1K56GLQCVA45V	1	4.5425	3.67	5	4.5	5	3	0
A1HNWEQ0CJPBCN	1	5	5	5	5	5	1	0
A1VFHZDPVJU65F	1	3.25	3	0	5	5	4	0
A18ZLD6XWB35RJ	1	4.6575	4.63	5	4.5	4.5	10	0
A314JJ0D5CZ3U2	1	3.5	4	0	5	5	3	0
A3IGJA78Z994KP	1	3.5175	3.73	1	4.67	4.67	13	0
A73LV61FA3612	1	4.8125	4.25	5	5	5	4	0
A24CHECF8HF6DW	1	3.6	4.6	0	5	4.8	5	0
A1L0TPEQS4PANB	1	3.125	2.7	0	4.8	5	10	0
A2TA9GFY55PQUL	1	1.315	1.36	1	1.5	1.4	13	1
ATWLZ5496T6HQ	1	3.25	3	0	5	5	1	0
AWG6NSXITGXT6	1	3.245	3.07	3	3.58	3.33	14	0
AE26W4VOQWFGI	1	3.9825	4.5	3.43	4	4	13	0
A3LJV12P3KN0FJ	1	4.1975	2.79	5	4	5	16	0
AZ35UU058ETA2	1	4.295	4.09	4.24	4.29	4.56	60	2
AFOMAEVK4ZU5W	1	4.7025	4.58	4.6	4.85	4.78	34	0
AK02IQ05F2YTX	1	2.5	2	0	3	5	3	0
A2DE2VC5ICV4TS	1	4.77	4.08	5	5	5	13	0
A393H8OBDAYXMJ	1	3.1825	3.32	2.33	3.46	3.62	25	0
A2P191MUP3WMOU	1	3.9	2.6	4	4.5	4.5	10	0
A1XIFPI36695GY	1	5	5	5	5	5	3	0
A508RFUOA9LBI	1	3.75	5	0	5	5	1	0
A2HDPXF2D068ZW	1	2.125	1.5	1	3	3	2	0
A2OBYZNVCE1BNN	1	3.2625	3.32	2.79	3.62	3.32	22	1
A31RR7XIJFOKYY	1	2.625	3	1	3.5	3	4	0
A2RBQWXX3PINUE	1	2.875	3.21	2.43	2.07	3.79	14	0
A3R4SQBDJT5KZY	1	1	1	1	1	1	2	0
A2G4LQNR75Y71X	1	4.3325	4.33	3	5	5	3	0
A13U90973PXQE7	1	2.62	2.75	2.57	2.63	2.53	17	0
A2AG19VENHWQRD	1	3.7975	3.07	3	4.56	4.56	15	0
AWN2K07N7A0K7	1	3.1675	3	3	3	3.67	3	0
A2YT8Y09XFBTA8	1	3.18	3.23	2	3.75	3.74	24	0
A34BVJOZR6H6F7	1	2.9375	1.75	0	5	5	4	0
A32RORROK9SP8B	1	3.6725	3.9	4.2	3.09	3.5	11	0
A33V7NSHY0CNZ2	1	3.0125	3.31	1.91	3.32	3.51	61	0
A3MHDM7Y75EHKR	1	4.95	5	5	4.8	5	7	0
A36EVWD88ODMEW	1	2.5625	1.75	0	3.5	5	5	1
A2QWKYRNNJLM1O	1	5	5	5	5	5	18	0
A3823MZFTP65JZ	1	4.83	4.7	5	4.88	4.74	36	0
A1F1L6P4L69ZJG	1	3.6975	3.68	2.89	4.13	4.09	42	0
AZHXUEW99IMZW	1	4.6375	4.3	5	4.25	5	10	0
A3A8Q21R517G44	1	4.61	4.47	4.52	4.71	4.74	58	0
A2W8GSI0QQYDFI	1	4.75	4	5	5	5	7	0
AG3CLLURKXHR2	1	2.875	1.5	0	5	5	2	0
A3B1BZMT4GYKR5	1	3.6875	4.75	0	5	5	5	0
A28SXHPMQELGRC	1	3.75	5	0	5	5	2	0
A2YF2J218RY0BY	1	4.5	3	5	5	5	1	0
A3CUS1OQ4U21JY	1	3.915	2.83	3.83	4.32	4.68	37	0
A1KKUMD9Z4FCD5	1	3.4525	3.5	2.27	4.29	3.75	25	1
A2RIFO4AJIMSBP	1	3.2525	3.2	3.14	2.67	4	14	0
A3EHYJ0QZ4ERXQ	1	4.545	3.64	5	5	4.54	15	0
A1B154OBZQK618	1	4.0275	3.21	4.06	4.24	4.6	43	0
A1LZ58B9X4QBGR	1	3.3125	3.25	0	5	5	4	0
A2CY1IGTI4IG5D	1	3.8525	4.09	3.11	3.59	4.62	24	0
A3ALV57CK7VLLG	1	3.75	5	0	5	5	2	0
A2WV8RMINY2PI1	1	4.49	4.25	5	3.71	5	8	0
A1TXD65RUWMS0V	1	0	0	0	0	0	10	0
A3J16SCM8AVY0I	1	2.89	2.56	3.67	2	3.33	11	0
A1RNR903SWIRSV	1	1.9975	2.33	2.33	1	2.33	3	0
A395QEAZTXR325	1	3.1675	2.67	0	5	5	3	0
A3LT6CG396TOKV	1	2.7925	3	2	2.88	3.29	9	0
A3MOYVGL56M5WK	1	4.27	4.17	4	4.3	4.61	23	0
A3NZRVTEGFZ2IZ	1	4.6875	4.09	4.75	4.91	5	23	0
A83VHP7UE0XL1	1	4.7325	4.43	5	5	4.5	8	0
A1VX9787XGIFB3	1	3.98	3.57	3.74	4.1	4.51	77	0
A1XZO7BXDYY98N	1	3.935	3.5	3.14	4.5	4.6	21	0
A26PH6VG8R81LY	1	3.9575	4.07	3	4.56	4.2	17	0
A3SHOK4U48WCHA	1	3.335	3.62	1.8	4.23	3.69	13	0
A20MSRIBD1K12H	1	3.375	3.5	0	5	5	2	0
AILLW58M81UXY	1	4.5125	4.24	4.33	4.74	4.74	34	2
A3UCVBBRU5WEZN	1	4.13	3.2	4.2	4.69	4.43	16	0
A45RUZL5CTQDB	1	4.73	3.92	5	5	5	26	0
A32MXM9AYO87EL	1	4.8125	4.25	5	5	5	4	0
A23DV8S5BL312M	1	3.385	3.5	2.62	4.15	3.27	71	1
A5QXHB8M9G8IV	1	4.975	4.95	5	5	4.95	21	0
A106SCH82LKQBT	1	4.4775	3.5	4.5	5	4.91	14	0
A2505CGTY9W9RX	1	3.935	2.96	3.67	4.56	4.55	50	0
AOL61O6AG1I59	1	3.4075	3.5	2.89	3.76	3.48	34	7
AYD0FLWJJUWKZ	1	3.6425	3.57	4	3.43	3.57	9	2
AQUFV0GNH6P5M	1	4.45	3.67	4.2	4.93	5	19	0
A3T4A4IP8ZPHIN	1	4.72	4.13	4.75	5	5	16	0
A289618KS8MMCK	1	3.5425	4.17	0	5	5	7	0
AAQQJ8AWX96NK	1	4.5425	4.67	5	3.5	5	6	0
A29CXERANK61RA	1	3.65	4.6	0	5	5	5	0
A2JPFM151D8ET6	2	3.65	4.8	1	5	3.8	5	0
A18F23JJPMOONU	2	3.9325	3.17	3.4	4.44	4.72	23	0
A1I8LGNNE0D5A1	2	2.35	2.2	1	3	3.2	6	0
A296KKR3OXDYIX	2	3.3325	3.33	0	5	5	3	0
A1IC6WMG2HKQ5N	2	2.35	1.4	1	3.67	3.33	6	0
A11KYD5I35E3ZH	2	3.7575	3.38	3	4.37	4.28	21	0
ATQUZNJVJSSWI	2	2.8275	4.4	1	1.71	4.2	15	1
AC973YERJ3OAD	2	4.1825	4.61	3	4.77	4.35	52	2
A29XDCTJMAE5RU	2	2.6925	2.99	2.04	3.02	2.72	158	9
A152BUXVDHE4EK	2	4.32	4.71	4	3.75	4.82	14	0
A2F7PR9AE0GHUF	2	3.3925	3.19	2.43	3.77	4.18	94	0
A256IQWDD1D6HC	2	4.8175	4.6	5	5	4.67	20	0
A2N0MYXIGB16RK	2	4.9375	4.75	5	5	5	17	0
A3PS17YC4SHSB8	2	4.5425	4.5	4.67	4.75	4.25	4	0
A2X84UPYIFRFH2	2	1.8	1.71	1.36	1.88	2.25	23	0
AJCMEDYWY4AWT	2	1.75	1.5	1	2	2.5	2	0
A1ZFY5DB22KCK9	2	2.5	2	2.2	3.2	2.6	7	0
A351PW5ZEFNTP	2	3.27	2.29	3	3.17	4.62	21	0
A365T86I7U87Z8	2	4.205	3.86	4.28	4.21	4.47	82	0
A1902DYQ6AAHOP	2	3.1775	3.56	3.5	2.25	3.4	19	0
A1ZJB85W8WYUWE	2	4.8125	4.25	5	5	5	4	0
A1NYSNRNVSHXPA	2	3.9175	4.67	1	5	5	3	0
A1PM9YX6091Q0K	2	4.155	4.47	4	3.46	4.69	16	0
A2JREDOOVSZ1VO	2	3.1675	2.67	0	5	5	3	0
A3MOA8K5FZ11NO	2	3.71	4.17	1	4.67	5	6	0
A369XDKM3XLEA3	2	3.4475	4.29	2.5	3.14	3.86	10	0
A1VW01OCWYZSS9	2	1.8975	1.77	1.44	2.38	2	69	0
AHG3DFQ65ESGY	2	4.495	4.13	4.41	4.76	4.68	89	0
A6V77TFF7OA5X	2	3.875	3.55	3.88	3.78	4.29	26	0
A29AS7HEEO06FN	2	2.965	3.16	2	3.45	3.25	25	0
A3W20E7XD9O6U7	2	3.845	3.97	3.47	4	3.94	38	0
A29P52208CPNTL	2	4.835	4.67	5	4.67	5	3	0
ADOSO2P0UTPNU	2	3.98	3.48	3.86	4.28	4.3	70	0
A2DTMXN9WMWBJS	2	2.0825	2	1	2.33	3	5	0
A2JQMPZ3IZ0AUC	2	3.625	5	0	4.5	5	4	0
A3JH34717GO3QX	2	4.93	4.77	5	4.95	5	22	0
A1423FO0G8Z6D	2	4.7975	4.24	5	5	4.95	22	0
A3FS89MXBRLD1X	2	4.97	4.88	5	5	5	8	0
A1N4FTLRWRGAMG	2	4.43	3.82	5	4.3	4.6	12	0
A267WS0QQECE5E	2	5	5	5	5	5	12	0
A1BK7AIKPHCBO4	2	4.75	4	5	5	5	3	0
A1XRIMBM5X2KLI	2	2.87	2.83	2	3.4	3.25	26	10
A1YXWPXQL73YLP	2	3.83	4.28	2.6	4.26	4.18	44	0
A3SBGXUYMGMI6B	2	4.5725	4.05	4.35	4.89	5	20	0
A1ZGMWR32BPK95	2	2.25	3	0	1	5	1	0
A17RKNQMJJP7HS	2	4	5	1	5	5	4	0
A7G7KPCOMBPRY	2	3.6675	5	0	5	4.67	4	0
A279O9J1XTLT7B	2	3.4825	4.33	0	4.6	5	6	0
ABWEWW1XI7ESO	2	3.1375	2.88	1.5	4.17	4	8	0
A3EH7IUTTF7VBR	2	4.875	4.5	5	5	5	2	0
A2AREG7N5MKY7L	2	2.055	2.44	1.8	1.93	2.05	25	0
AEZQKIWNYFQ9P	2	4.695	4	5	4.78	5	12	0
ABMMCWXPV2351	2	4.88	4.76	5	4.76	5	18	0
A2AM5ULTPDZBG8	2	3.2125	2.38	3.18	3.88	3.41	30	0
ATP0XWGEOB074	2	3.1375	3.08	1.8	3.56	4.11	21	3
A2ELUBUNBP6BLE	2	4.835	4.71	5	4.63	5	18	0
A5L8VDXWS2H8O	2	3.4375	3.75	0	5	5	4	0
A2HP9W5J445GO1	2	3.75	5	0	5	5	1	0
AA4YFHM3C6NF5	2	2.33	2.33	2.33	2.33	2.33	3	0
A2D8GTKBK55Y6D	2	3.895	3.75	3.67	4.05	4.11	27	4
A2P5PE5QRCAFD6	2	2.1675	1.67	1	3	3	3	0
A27L6Z6PBCE04Y	2	4.765	4.83	4.65	4.89	4.69	61	0
A10KTAX3O5GMVO	2	4.2125	3.79	4.14	4.54	4.38	14	0
A2WQBNTU1S2GAJ	2	3.285	2.14	1	5	5	7	0
A172PUFTXDK0M9	2	3.3375	3.6	1.5	4.25	4	6	0
A2YKOZ2NIHQMWA	2	4.1375	4.1	2.6	4.9	4.95	34	0
A2TJN5XOYOKXOY	2	4.7475	4.57	5	4.71	4.71	7	0
A3PEX7IEA5GQT0	2	3.1175	2.67	0	4.8	5	8	0
A1C7V4XLHDN6NQ	2	3.4875	3.42	3	3.84	3.69	35	0
A1EYB6OGMSJNT5	2	4.7875	4.15	5	5	5	13	0
A2LJUBI5V94J03	2	4.7	4	5	4.8	5	5	0
A3ATARNLNT17AR	2	4.97	4.88	5	5	5	8	0
A1KBVL1JRKE1UJ	2	4.1775	4.5	3	4.33	4.88	11	1
A3CAOO7X177YLP	2	4.675	4.5	5	5	4.2	5	0
A1K1Z4ID0ZB1YH	2	3.25	4	0	4	5	2	0
A1N202K23B9QFA	2	4.465	2.86	5	5	5	7	0
A3D7UHPFCRE9ZZ	2	4.125	4.25	4	4	4.25	5	2
A1SCKWZ3NAPICP	2	4.5825	4.69	4.1	4.69	4.85	28	0
A3M5N5NRF0HR8O	2	3.9225	3	4.29	4.16	4.24	66	1
A3QUMXQ3NAD6MZ	2	4.4825	4.02	4.58	4.57	4.76	63	0
A17VBSFR8YJDZJ	2	4.8	4.6	5	5	4.6	11	0
AI6IJM3MMPVIG	2	3.95	3.67	3.75	3.88	4.5	11	0
A3TU49EJ3M221L	2	3.81	2.71	4.11	4.13	4.29	21	0
A2891W8IGPC3V0	2	3.0625	2.25	0	5	5	5	0
A39R2INTP4RCG0	2	3.3175	3.14	3	3.63	3.5	8	0
A1XI15WUE5NFYJ	2	2.1975	2.33	1.8	2.33	2.33	10	7
A3A3PSVBWROL0V	2	3.75	5	0	5	5	1	0
A34CILAE5MTEW	2	3.9625	2.91	4.14	4.6	4.2	11	0
A3HEPXIBTWVXJ6	2	3.375	4	0	4.5	5	2	0
A380CP1WO491J2	2	3.5425	4.67	0	4.5	5	6	0
A116XPE56JVGXQ	2	4.945	5	5	4.78	5	11	0
A29NCOB3NRS5IY	2	3.4725	3.8	2.77	3.76	3.56	66	1
AUUEZCYGFAV8N	2	4.835	4.67	5	4.67	5	3	0
A2AJGAVCV3HRMW	2	3.695	2.84	3.5	4.18	4.26	123	1
A12JVT1ESDUBUD	2	3.93	4.45	3	4.36	3.91	11	0
A1G5S03EGW1ED6	2	3.5175	3	3.67	4	3.4	5	0
A351121OZ1978E	2	3.6875	5	0	4.75	5	4	0
A2W8Y76NHV5KKF	2	4.8225	4.85	4.56	4.96	4.92	54	0
A2YB8IQ2RD508X	2	3.4175	3.67	1	4	5	4	0
A181AHSJE11HQF	2	4.8875	4.76	4.88	4.94	4.97	133	0
A1E8FS7O72ISB9	2	4.8975	4.89	5	4.7	5	11	0
A390WS9CDHBOE1	2	3.245	2.38	3	3.4	4.2	9	1
A26WLZT8KZ6JNI	2	4.8325	4.33	5	5	5	7	0
A1FW2P8KXRLAHV	2	3.9625	3.6	3.25	4.42	4.58	31	0
A3AKVXFARRH128	2	4.49	3.25	4.83	4.88	5	17	0
A1I25WDZBYDOHE	2	4.2	4.8	2	5	5	12	0
A1J5EVHPRTA764	2	4.5625	4.5	5	3.75	5	4	0
A1LLTVLMJNNAQU	2	3.9375	4	3	4.75	4	4	0
A1S915XV7TUJ6Q	2	3.5625	4	2.89	4	3.36	14	0
A3N5YPL2QEKIBL	2	5	5	5	5	5	2	0
A1YGS704LU925G	2	3.605	3.75	1.67	5	4	7	0
AGQ361FN9TUSP	2	3.7575	3	3.5	4.46	4.07	25	0
AUTXOGZ8Y5IJ0	2	4.19	3.53	4.69	4.22	4.32	38	0
A6GTPNKZVZ9PS	2	3.0825	2.33	0	5	5	3	0
A1NKNKGIFAWDM	2	4.6875	3.75	5	5	5	4	0
A2WNEUX4JXK1XT	2	3.645	3.43	3.86	3.86	3.43	8	0
A1GJA0UCGYG4MQ	2	4.63	3.89	5	5	4.63	9	0
A3K3J1NI03MKYO	2	4.4575	3.33	5	4.5	5	4	0
AUH090PPYMVC0	2	3.2525	2.27	3.86	3	3.88	12	3
AXPEEQCAXRJVU	2	2.075	1.63	1	2	3.67	11	0
AB2U5CR671RPT	2	3.4225	3.67	2.81	3.92	3.29	50	0
A2EFRHZ39MMQYQ	2	4.9375	4.75	5	5	5	9	0
A2TBMLS6SFWF5F	2	4.4175	2.67	5	5	5	3	0
A27IPX3ZIC70PV	2	1.8125	1.33	2.5	1.86	1.56	11	0
A2L1LBZDMPHPDG	2	3.2875	3.2	2.63	3.74	3.58	28	0
A2S0PI16299RWU	2	3.4425	3.54	2.78	3	4.45	14	0
A1HGLM8Z98X6UB	2	4.6925	3.77	5	5	5	14	0
A1ZR7K8U5U1XM5	2	3.875	4.5	1	5	5	2	0
AXFLTR7N6ENFN	2	3.915	3.13	4.09	4.05	4.39	29	1
A1AF2RQ8AF79AP	2	4.13	3.38	4.15	4.41	4.58	53	1
A2G8RKPYMSOYYV	2	4.0625	3.25	4	4.8	4.2	8	0
A1XNOWVRN7PFM6	2	4.755	4.7	4.7	4.81	4.81	86	0
A3BPOGRXF3VJSO	2	4.31	4.45	4.29	4.2	4.3	11	0
A1OY2MLPSD7SNM	2	4.145	3.7	4	4.44	4.44	11	0
A1MPRAOP5CW2M5	2	3.7325	3.6	2.33	4.6	4.4	11	1
A3GPJHISH8632S	2	2.695	2.22	2.33	3.4	2.83	11	0
A3JXTIF4IHQGM	2	4.36	4.44	3	5	5	9	0
A1VF41T0B9WD78	2	4.02	3.25	3.67	4.6	4.56	13	0
A1WR1TO6KJ0E3S	2	2.21	2.45	2.14	2.06	2.19	33	0
A3QOFNF7MPCTQT	2	4.87	4.9	4.68	4.95	4.95	91	0
A3T2M333HTKKQP	2	5	5	5	5	5	2	0
A21BM2G3H641WA	2	4.89	4.86	5	4.89	4.81	42	0
A4JVAZ8IYG82L	2	3.64	3.52	2.97	4.09	3.98	121	1
APAKVRRTDEB34	2	4.3475	2.53	5	4.93	4.93	35	0
A28YVHNIC6M438	2	5	5	5	5	5	2	0
A3EEZ7A05COFHE	2	3.375	3.5	0	5	5	2	0
ANGUSE9NU5WO4	2	3.55	3.14	3	4.43	3.63	8	0
A2UT64NH2GJ8XQ	2	4.9875	4.95	5	5	5	90	0
A3KZH36QT2J9YQ	2	4.8575	4.43	5	5	5	8	0
A2GGMBBJ00PKKX	2	3.375	4	0	5	4.5	2	0
AS9PWIX3E61O1	2	2.725	1.89	3.67	2.67	2.67	9	0
AXN57JVE6WWI9	2	3.505	3.04	2.5	4.24	4.24	29	5
AESZXK8RWP0O6	2	4.645	3.7	5	4.88	5	10	1
A2POU581VIIKAH	2	5	5	5	5	5	12	0
A3IGLPQEASPX6B	2	2.5	2.5	2.5	2.5	2.5	2	0
A2P1YXF63HT84I	2	3.6675	4.67	0	5	5	3	0
A15HTJTGHH26A2	2	3.4225	3.52	2.65	3.83	3.69	98	4
A1K6K6465SQ89F	2	4.6875	3.75	5	5	5	8	0
A32WH2887E2DAC	2	4.7325	4.95	4.2	5	4.78	21	2
A1YYJ19J1PDOS1	2	3.225	3	3.5	3.6	2.8	6	0
A1DS9QFA0IDIFJ	2	3.75	4	1	5	5	1	0
A1BDFF4NV8WDK7	2	4.25	4	4	4	5	1	0
A2VPB2GXEY2VDA	2	4.8075	4.87	4.69	4.67	5	42	0
A1FRNYP4JBDAB6	2	3.86	3.29	3.4	4.08	4.67	16	1
A1IH7BAN36YK3R	2	3.75	5	0	5	5	1	0
A3GM1SF5FUOS8L	2	3.16	2.96	2.44	3.76	3.48	51	0
ADQUWL0IHX702	2	3.75	5	0	5	5	2	0
A1XQS7YLZXG8FE	2	4.6425	3.86	5	4.71	5	7	0
A3T18G5YWMVCP9	2	4.5125	4.58	4.1	4.64	4.73	51	0
A3UYN2NWFVL5WU	2	3.3825	2.9	3.38	3.67	3.58	35	0
A26PN5VB7V9CPA	2	3.5825	3.33	1	5	5	3	0
AA19RJFRWBZDC	2	3.71	3.9	3	4.05	3.89	21	0
A28WV32XB2WYG	2	3.75	5	0	5	5	4	0
A25UK3MCEGUH7T	2	4.1425	3.7	3.67	4.6	4.6	10	0
AH1PO6KC4YRE3	2	3.5425	4.17	0	5	5	7	0
A2XOQG0IGXQZX0	2	2.97	1.88	2	3.8	4.2	9	0
A2DPU6JE37X0YV	2	3.4	3.54	3.24	2.89	3.93	32	0
A25HBO5V8S8SEA	2	3.42	3.93	2.2	3.74	3.81	48	0
A2JGL0LQKV0Y3G	2	1	1	1	1	1	3	1
A2O5JA0YA9WN0Q	2	4.9	4.6	5	5	5	5	0
A2KPVION6Q04KN	2	3.5425	4.17	0	5	5	6	0
A1DPN0ELREA8BX	2	3.975	2.9	3	5	5	11	0
A2VKD6TB0EAZYQ	2	3.495	3.65	3	3.78	3.55	20	0
A32TTE4XXN6MQZ	2	4.0075	3.93	3.94	3.94	4.22	118	1
A3OVZSII072YK8	2	3.735	3.61	2.56	4.39	4.38	41	0
A20ECBW1U273EM	2	4.045	4.22	3.84	3.97	4.15	68	0
A3W0VQNC9DJI9V	2	2.565	2.33	2.33	3	2.6	6	0
A3LWYM9EHH9GDK	2	1.855	2.53	1	1.39	2.5	20	2
A3ESGHD37QHPYP	2	3.25	3	0	5	5	5	0
AHSK3ATQK76EO	2	4.1575	2.75	5	4.44	4.44	13	0
A497PWGXCKJ1N	2	4.4425	3.42	4.56	4.96	4.83	42	0
A23SS1C7F5ZZGM	2	4.325	2.5	5	4.8	5	13	0
A9K0CV70JWG1W	2	4.995	4.98	5	5	5	152	3
AT242Q7W4U37Y	2	4.85	4.72	4.84	4.9	4.94	196	0
A2HBE31BTJQMGL	2	4.75	5	4	5	5	3	0
A2R6ZV77QN5OYV	2	4.5625	3.25	5	5	5	4	0
A2DEO4C7NM57S9	2	4.895	4.75	5	4.83	5	8	0
A1HQKD2UI6O2HB	2	3.645	4.09	1	4.91	4.58	14	0
A2A1NACZ9NDUZO	2	4.8125	4.5	5	4.75	5	4	0
A2FAJEMFG9FQY6	2	4.7175	3.96	5	5	4.91	56	0
A3BQ5AI1UMDKTO	2	4.14	4.31	3.8	4.38	4.07	22	0
A2KPI9XQJIFQM2	2	3.5025	3.63	3	3.56	3.82	22	1
A128R95WG1CQF2	2	4.9175	4.67	5	5	5	9	0
A2XDFL9AUUVBW1	2	3.6625	4	3	4.25	3.4	5	0
A14WBGTX7XKF4F	2	3.75	5	0	5	5	2	0
A1JNJP7KSKOGCU	2	4.085	5	3.67	4	3.67	3	0
A18XUCUKY5X7KW	2	3.32	3.22	1.5	4.27	4.29	29	1
A23BFOVOOKCADW	2	3.98	2.63	5	5	3.29	10	0
A3HS59FLWGO7QU	2	3.95	2.8	4	4.67	4.33	5	0
A32ILHCJS8FVKV	2	3.125	3.67	0	4.5	4.33	6	0
A1V5CSLF3UKNIQ	2	4.0325	3.98	3.7	4.1	4.35	60	0
A2YWQR4SBL3KRI	2	2.6125	3.25	2.13	1.95	3.12	40	0
A21V9A3NZX6MSF	2	4.1925	3.4	5	3.7	4.67	10	0
A26KJTTBXR2IS5	2	4.98	4.92	5	5	5	13	0
ASGY1QO2JYHU2	2	3.3025	2.9	3.13	3.78	3.4	46	0
A1AMT5PARECO8E	2	3.985	3.9	2.33	4.82	4.89	20	0
A5KMJFTDAQ8AP	3	4.1075	2.6	4.33	4.5	5	7	0
A1HRTPO9QOT708	3	4.25	5	2	5	5	4	0
A2D82ES1DAIYZZ	3	3.72	3.3	2.91	4.61	4.06	55	0
A137SUA8T9FFQ3	3	4.9875	4.95	5	5	5	19	0
A33U9PH6TQL0KG	3	4.1175	4.04	3.88	4.16	4.39	66	0
A1CEBF7WRZ74YK	3	4.1775	3.44	3.96	4.61	4.7	75	0
A1GRUVMD2KY0U6	3	2.99	2.46	0	5	4.5	13	0
A3EG46USIUDWGA	3	4.0775	2.8	4.27	4.7	4.54	80	0
A3G0QO2P6GWLSN	3	4.615	4.63	4.33	5	4.5	8	0
AZP4PTMVB9IWD	3	3.215	2.77	2.09	4.18	3.82	24	1
A1V495I9SZOQI7	3	3.925	3.17	3.89	4.33	4.31	20	0
A3OXUAZ20HY9DO	3	4.5375	4.23	4.54	4.69	4.69	27	0
A3IU293PQTUCG	3	4.775	4.35	4.75	5	5	18	0
ATMRMLDNGYDJT	3	4.48	4.17	4.3	4.66	4.79	85	2
AS9WIDF5DC7HQ	3	1.905	2.22	1.33	1.55	2.52	34	0
A1CQVE4J6FYT9Q	3	5	5	5	5	5	5	0
A2YS1VDIWBNZYN	3	3.61	4.44	0	5	5	9	0
A163A5ZMUKOOV6	3	3.4625	3.92	3	3.5	3.43	42	0
AG552GL2GWGXK	3	4.7125	4.85	4	5	5	14	0
A1EYLLHYJSRVB8	3	4.205	3.59	3.75	4.7	4.78	43	0
A1LQF59W9ZFP8M	3	4.71	4.55	4.29	5	5	25	2
A1O4UKLPY407WS	3	4.4175	4.5	3.67	4.9	4.6	11	0
A3JZVRTK8ISNQO	3	3.3925	3	3.4	3.5	3.67	7	0
AJHY5MA01W8FO	3	3.08	2.2	1	4.56	4.56	10	0
A1TH6MKJ3A41HA	3	4.65	4.4	5	5	4.2	5	0
A2MC5WQ6SWSGF9	3	3.59	3.06	2.8	4.44	4.06	17	0
A17Z0YRBL3OI7U	3	4.0225	3.4	4.56	4.09	4.04	34	0
A2I1HKSFEAQZK1	3	3.7975	3.56	3.13	4.36	4.14	17	0
A14FZ5PITXJT3U	3	4.525	3.27	4.83	5	5	11	0
A1EHOE9RV6MPPO	3	2.625	3.4	2.5	3	1.6	5	0
A1G19FR6J7V23R	3	4.1775	3.92	4	4.27	4.52	29	0
A2D0STG8GT6AKN	3	4.0925	3.97	4.15	4	4.25	65	2
A3KCUB6P3IE8NL	3	4.9625	4.85	5	5	5	21	0
ASMB962R5QQ6K	3	3.6525	3.71	2.71	3.73	4.46	41	0
A1YOSN8ASBN2B9	3	3.9125	2.54	4	4.64	4.47	26	0
A22VFTXXONLCOS	3	3.895	2.84	3.6	4.5	4.64	21	0
A5COCW1PER5WR	3	3.5975	4.9	0	4.89	4.6	11	0
A2L84KQ9M89PHM	3	3.1	2.4	0	5	5	5	0
A34IHARXA4O9I1	3	4.6425	4.67	4.5	4.67	4.73	16	0
A1XCQBCXJXC0V0	3	3.75	5	0	5	5	3	0
A2LSPC3NPIGVNO	3	2.7725	2.26	1.67	3.69	3.47	21	0
A7DJAP0H5HL0C	3	4.1625	2.4	5	4.25	5	6	0
A3DBRQ48XMGYIQ	3	4.6025	4.45	4.54	4.8	4.62	28	1
A3H7I5VT9H0R4L	3	4.7175	4.16	4.71	5	5	47	0
A96C36HXWDNPB	3	3.4075	3.4	2.33	3.8	4.1	10	0
AO02TOCBAPN7W	3	2.9875	2.9	1.5	3.96	3.59	60	2
AB41UJJJJG79V	3	3.1675	2.67	0	5	5	3	0
A1VSINGBXXPO7M	3	3.3825	2.56	3.4	3.71	3.86	9	0
A3IRX42Q88JV2P	3	3.8675	3.39	4.05	3.88	4.15	33	0
A1PMD0ZGUEAY2B	3	4.3475	4.21	4.19	4.4	4.59	68	6
A1KPX3ZGV48ORK	3	4.375	3	5	5	4.5	2	0
A1J24AKRYQEYZ0	3	4.4125	3.44	4.75	4.79	4.67	37	1
A2HQKAK09RXCX	3	4.7	3.8	5	5	5	5	0
A1PZ5B1OX5KOL8	3	3.45	4	0	4.8	5	6	0
A2MX59ZKR06CH0	3	4.9475	4.79	5	5	5	14	0
AKIZ6OG8UPR2D	3	4.025	3.5	4	4.18	4.42	18	0
ANNHBZKJNOBY9	3	4.135	4.12	4	4.2	4.22	31	0
A25EF5SRALUAOA	3	4.985	4.94	5	5	5	18	0
ATCXSCRYON4PJ	3	4.2875	4.53	3.88	4.42	4.32	38	3
A2KBXJNYXTAVT2	3	4.9	4.6	5	5	5	12	0
A3HY237M923W89	3	3.57	2.4	3	4.38	4.5	10	0
A2A5SB7NENZHLK	3	3.3375	3.48	2.99	3.28	3.6	169	1
A269UQQCVIV0YH	3	2.02	1.75	1.33	3.29	1.71	8	0
A3LQN3R9GL1QTN	3	3.25	3.67	1	4.33	4	6	0
A3PYJESVGMHMS4	3	4.6075	4.42	4.67	4.68	4.66	116	0
A3JNRVTF2ZNMUN	3	2.8675	3.25	1	3	4.22	14	1
A3LX9SEM01IMDI	3	3.5625	4	1.67	4.63	3.95	21	0
A222T6DOEXIL8L	3	4.6675	3.67	5	5	5	4	0
A3LT7K9VZ4PDM5	3	4.675	3.7	5	5	5	10	0
A23TKUDEKV4ZRU	3	3.77	3.42	3.21	4.06	4.39	80	0
A1JJPEDYMYTIJJ	3	3.625	4.5	0	5	5	2	0
A1A1BJ6OGSLDGC	3	4.14	3	4	4.83	4.73	15	0
AFAOUHS65HNDS	3	3.6775	3.58	3.16	4	3.97	31	0
A1TG28EO0HFWAR	3	4.275	4.05	4.11	4.47	4.47	22	0
A2OVO94MC77YYJ	3	4.965	4.86	5	5	5	67	0
A2RP4GZ0ZUAF09	3	2.9875	2.95	2.84	3.03	3.13	42	1
A12IRJCLMI131Q	3	1.7075	1.5	1	2	2.33	4	0
A1402D8IUJQZ0D	3	4.7975	4.92	4.5	4.77	5	14	0
A34DG3IZ88WWBT	3	4.3375	3.32	4.64	4.68	4.71	40	0
A1HN60FBRYG4JS	3	3.3075	3.32	2.78	2.97	4.16	51	0
A3CV1MVF006J21	3	3.845	3.39	3.59	4.2	4.2	140	0
AY23TXIN56WKP	3	5	5	5	5	5	4	0
AQQ1SA9NYT7JB	3	4.7775	4.64	4.6	4.91	4.96	60	0
A3O6W4NP00S2AS	3	3.78	3.93	2.33	4.43	4.43	15	0
ACD19UFPKY2ZV	3	4.8	4.86	4.56	4.88	4.9	44	0
A1H49ETNUV5YI0	3	3.0475	2.98	2.53	3.21	3.47	68	4
AIJAWNSES27WL	3	5	5	5	5	5	2	0
A39TMYV239ALCG	3	4.75	4	5	5	5	1	0
A3H0D24TYO3Y6S	3	4.625	5	4	4.75	4.75	4	0
A3OWQ21AVFXN4E	3	3.02	4	1	3.86	3.22	9	0
AR6NX2KUSG6IP	3	4.8325	4.33	5	5	5	3	0
A35493KHLHLDMT	3	4.5725	3.29	5	5	5	8	0
A1CKEISKSOZ5HD	3	3.1775	2.96	3.23	2.92	3.6	79	0
AVOA3DRNBY4I9	3	4.625	5	3.5	5	5	2	0
AZZ4E7FKHTAXH	3	4.0875	4.18	3.17	4.8	4.2	11	0
A26XV6VOGG6E4	3	2.545	1.88	0	3.8	4.5	8	0
A1SWLPEHDWSJ6T	3	4.6425	4.27	4.6	4.7	5	12	0
A1ZCUBP2G0ZGZM	3	4.7075	4.56	4.7	4.83	4.74	37	0
A34JXQ2BSCVM1E	3	4.9575	4.83	5	5	5	6	0
AMD6OCZNPP47V	3	4.4125	3.75	4.5	4.4	5	6	0
A3LIMV9YXZZCS8	4	3.27	3.23	3	3.54	3.31	27	0
A2FF1XLYQ7RTGE	4	4.6925	4.13	5	4.64	5	16	0
A2B4SPP84UNKZE	4	4.7425	4.67	4.6	4.85	4.85	21	0
A2K624BSY3RAYX	4	3.01	3.06	2.6	3.25	3.13	22	0
A14RDIKJG0V5TD	4	4.2	4.12	3.72	4.43	4.53	142	3
A1RMC93TEKSKE0	4	3.5	4	0	5	5	16	7
A1Z5V55PL21X94	4	3.2475	2.21	2.72	3.71	4.35	58	0
AK0UOR0UKNYXS	4	2.61	4	1.8	1.47	3.17	15	0
A24Z2YNEXGN5BM	4	4.0925	3.7	3.73	4.47	4.47	33	0
AQTW4RJTZ8H6Q	4	4.0525	3.79	3.4	4.48	4.54	29	1
A1UF9SJU4S5LQ3	4	4.855	4.77	4.85	4.88	4.92	81	0
A30QPAGRXDAKNK	4	4.35	3.82	4.23	4.66	4.69	117	10
A18FWM3BGZIW4S	4	4.775	4.84	4.38	4.94	4.94	70	0
A2RVW5XUU68FKS	4	4.6725	4.6	4.2	4.94	4.95	26	3
A3MBN3F1E4Y1A1	4	5	5	5	5	5	2	0
A3MI6MIUNWCR7F	4	3.3275	2.9	2.95	3.85	3.61	127	0
AQJES07AIN6AI	4	4.705	4.28	4.74	4.89	4.91	108	0
A2CQVSX8OBR5X1	4	4.4475	4.24	4.33	4.68	4.54	65	0
A2S0VJE25JPZ4P	4	4.7725	4.45	4.64	5	5	20	0
A20M61EJRS6UFF	4	2.87	3.14	1	3.67	3.67	8	0
A1D3XHIK4LPPBM	4	2.805	3.33	1	3.78	3.11	10	0
A3DS33O5SAEPM8	4	4.5225	4.65	4.14	4.55	4.75	21	0
A1LMR1CHZZHPTD	4	3.5	4.5	0	4.5	5	2	0
A29TKHVWA0ETIL	4	3.7975	4.85	3	2.67	4.67	15	0
A3S57KPYOP00RI	4	4.4625	4.29	4.37	4.45	4.74	37	0
A2005EP47NDO85	4	4.72	4.21	5	4.67	5	19	0
AO1GS3CMM2IGY	4	2.9625	2.44	2.3	3.49	3.62	51	0
A1VVMP86F8GP7D	4	4.91	4.69	5	5	4.95	88	3
A15U2U02IXI4LO	4	4.57	4.61	3.88	5	4.79	19	0
A2ZGBI3CIS8HM	4	4.8825	4.53	5	5	5	17	0
A35RS8L3O9PKNB	4	3.585	3.48	3.53	3.52	3.81	24	0
A3K54QYGJEOX5Q	4	2.9825	3.09	2.36	3.6	2.88	44	0
A3S0F56AR2HR2U	4	4.1725	4.17	4.1	4.29	4.13	78	23
AVES4QZ255ZRJ	4	3.325	3.38	2.71	3.43	3.78	21	0
A33AZV67V12LIN	4	4.8275	4.93	4.64	4.74	5	28	0
A24749C8BWGYIF	4	1.7775	2	1.18	2.24	1.69	105	2
AAF2BO7XA8TJL	4	3.3975	2.3	3.08	4	4.21	46	0
A1HUOSVLNRCA8G	4	4.8875	4.55	5	5	5	24	1
A2YALJOLIU726Y	4	3.67	3.94	3.14	3.47	4.13	19	0
A1VFG9QY70Q93J	4	4.7525	4.8	4.45	4.87	4.89	55	0
AI3OU0DPRI0E3	4	4.6825	4.48	4.61	4.84	4.8	113	2
A3BAZYAVOG71L	4	3.005	3.07	1.44	3.09	4.42	17	0
A6AILYBOSANIR	4	3.4525	2.68	3.86	3.72	3.55	95	3
A2GKA9ZQ3BC5NP	4	3.8325	3.33	3	4.55	4.45	14	1
A2P2MT8IK72CVZ	4	3.7	2.78	3.7	4.36	3.96	101	0
A2YW2GCVA51U3S	4	2.75	2.89	1.62	4.05	2.44	127	0
A34F5ROBIERMN4	4	2.845	2.7	2.2	3.3	3.18	11	0
A1L8N3XFOXKPUS	4	4.395	3.33	4.5	4.75	5	6	2
A3D2TTRCZ4LZI	4	3.87	3.5	4	4.2	3.78	10	0
A16OJBUN90S3ZK	4	3.375	4.17	1	4	4.33	6	0
A1VEVSJE8XLHVZ	4	3.785	3.59	3.69	4.15	3.71	22	0
A3RXXNTGSUSTQ9	4	4.7075	4.59	4.58	4.83	4.83	109	0
A2OLAHJ8Z6JVP0	4	4.0325	4.4	3.33	4.5	3.9	22	0
A258734LBVMGZ2	4	4.87	4.85	4.67	4.96	5	28	0
A81966EVO3YG1	4	4.6675	4.75	4.5	4.58	4.84	31	0
ACIVI7VWXZYVZ	4	2.48	2	2.13	3.25	2.54	13	0
A00147046S7WXS8QXI4I	4	4.93	4.79	5	5	4.93	28	0
A3GSSP0XNA0VBT	4	4.79	4.22	5	4.94	5	18	0
A19W46AYZUAWOV	4	4.1825	4.26	3.29	4.57	4.61	23	0
A35DIGMQ3QH5NW	4	4.785	4.73	4.71	4.8	4.9	44	0
A3ABC881AF1TA9	4	4.1975	4.45	3.43	4.64	4.27	13	0
AXT4939GCS53A	4	5	5	5	5	5	1	0
A2J5FDWXI0FX8O	4	3.7625	2.9	3.86	4.08	4.21	24	0
A25RTM8JJMU7PJ	4	4.5775	4.57	4.54	4.64	4.56	165	1
A3D9EEGRG7BHFI	4	3.825	3.63	3.67	3.86	4.14	17	0
A1B88LZPOPVEF0	4	3.35	4.5	1	4	3.9	11	1
A1DIWKR9NEY82N	4	4.275	4.29	4.22	4.15	4.44	59	4
A1HJNQCLR1XONL	4	2.9625	2	2.58	3.58	3.69	73	4
A1OB4H2YNWGEXB	4	3.585	4.29	2.62	3.28	4.15	47	0
A98XFNIQL1ASR	4	2.45	1.7	2.07	3.4	2.63	99	0
A168VNOF2441SK	5	3.455	3.81	2.73	3.72	3.56	49	0
AOY5PNN87LDYU	5	4.1875	3.52	3.55	4.84	4.84	30	0
A5QQWO2U81GM6	5	3.7925	4.06	2.33	4.47	4.31	33	0
A1B2ILT2409W4R	5	4.1275	3.74	3.71	4.53	4.53	90	1
A29P1VFMKWSA	5	4.9075	4.67	5	4.96	5	58	0
AD9HWPLOWI41M	5	4.505	4.67	4.11	4.6	4.64	17	0
A33FG2Z5DG7TSO	5	3.0325	3.42	2.5	2.71	3.5	25	0
A1WSFAX0WC3JFW	5	3.825	3.48	3.56	4.26	4	34	1
A1B1HKBOWQ4RNE	5	4.64	3.82	4.86	4.88	5	29	0
A3NBHCAP8DYMWH	5	4.835	4.78	4.67	4.97	4.92	67	0
A2PXTSIT9V8PPU	5	2.9425	3.48	1.77	3.03	3.49	139	1
A1M77WFL17YL2G	5	4.7	4	5	4.8	5	11	2
A2GGQENGA7OVSO	5	2.75	1	0	5	5	1	0
A20OLZ95LYE7NY	5	4.5925	4.65	4.64	4.32	4.76	20	0
A3234SQAWRXMXE	5	4.9175	4.67	5	5	5	3	0
A2AFEW9VPVH5E1	5	4.0325	3.5	3	5	4.63	10	0
A3EZTHE4PBFBOM	5	3.055	3.23	2.26	3.07	3.66	63	0
A1LQFK1LUBV6AK	5	2.7625	3	1.63	3.67	2.75	17	0
A3OH9PX6HEYDUQ	5	3.8225	3.75	3.38	3.9	4.26	20	0
A1VB7RU5A6REX5	5	3.4525	3.67	2.8	3.67	3.67	9	0
A1J0Z7P34X8L9Q	5	4.0825	3.89	3.63	4.55	4.26	50	0
A3FHSX4MZ26SYA	5	4.93	4.77	5	4.95	5	26	0
A1F9W6UY3YL34J	5	4.725	4.38	4.82	4.86	4.84	93	0
A1V72N7WRG3MGV	5	3.455	2.93	2.5	4.45	3.94	57	0
A3RSXC99SWTLNV	5	3.895	4.17	1.8	4.75	4.86	31	0
A3SYHZ4HZFR1AG	5	4.26	4.24	3.67	4.63	4.5	17	0
A3ATNXMJPR3K0Y	5	3.5	4	0	5	5	1	0
A31J53DZHIZ39U	5	4.0325	4.33	3	4.4	4.4	12	0
AEWJTUXLC1K8D	5	4.825	4.45	5	5	4.85	33	2
A1IYL8MWRARVBJ	5	3.4875	3.65	3.5	3.46	3.34	48	2
A3G1G7INGV0EOV	5	4.72	4.57	4.8	4.69	4.82	30	0
A1PNMSW1RODAZ7	5	4.665	5	5	4.33	4.33	6	0
A3PBUB3OM54I27	5	3.7375	3.13	3.5	4.13	4.19	41	0
AHIW2B0QQNF7X	5	2.3525	1.63	1.4	3.31	3.07	45	0
A198USUSWOB9C7	6	4.5025	4.21	4.43	4.7	4.67	32	0
A1XUBU5CS5SFRV	6	3.835	3.86	3.1	4.17	4.21	62	0
AIDYBIWXEXQWO	6	4.74	4.2	5	5	4.76	18	0
A2EYHS1YSNWI5I	6	4.7825	4.23	4.97	4.93	5	88	0
ASOGCCOAO0E33	6	4.92	4.93	4.75	5	5	30	0
A1K2PEN2XVVQES	6	4.9525	4.85	5	4.96	5	27	0
A34PN4ER0H3PRV	6	4.08	3.32	3.53	4.91	4.56	57	0
A1NBFZJ7VJKS1U	6	4.6225	4.63	4.14	4.94	4.78	20	0
A296YJ2WQNOSKY	6	3.905	3.4	4	4	4.22	11	0
APUF2XHM72G7M	6	3.9575	4.06	3.71	4.47	3.59	17	0
A8RMEN71ICE57	6	3.5525	3.66	3.26	3.49	3.8	52	2
A3900AWU8IXAIG	6	3.5	4	0	5	5	5	0
A1PSQZCXJVPPAD	6	4.1175	2.95	4.5	4.47	4.55	44	0
AIVP5EEL1EABU	6	4.3775	4.04	4.67	4.25	4.55	29	1
A16EAV4S51N34J	6	4.47	4.58	3.9	4.53	4.87	54	0
A5IKUELYI56AG	6	3.1375	2.79	2.47	4.66	2.63	29	0
A13FVLMLUTH7ND	7	4.8475	4.79	4.8	4.9	4.9	203	0
AOIM7TTJYSJ50	7	4.0175	2.88	3.89	4.49	4.81	51	0
A1P0RD4ZA7CN2Y	7	4.3075	3.72	4.18	4.85	4.48	32	0
AFEG4RKNBSL4T	7	4.865	4.83	4.79	4.92	4.92	53	0
A2ZA0WM6BTXZ4Q	7	4.0625	3.62	4.3	4.08	4.25	13	1
A3CXNN7KCYDYNH	7	4.8825	4.91	5	4.72	4.9	33	0
A1VSOQ6MXD1E1J	7	3.985	3.24	3.9	4.44	4.36	119	0
A1V1AJBB2ICODE	7	4.0725	4.08	3.7	4.53	3.98	94	1
AGVV5AWLJY7H2	7	4.31	3.94	3.82	4.74	4.74	32	0
A8KS2AK5LE3YO	7	2.0075	2.39	1.2	2.87	1.57	111	0
A1I0BMG4GMC7DE	7	3.58	4.04	2.57	3.88	3.83	24	0
A3GFW13SR5QNA7	7	3.715	2.23	2.71	4.92	5	22	0
A1BY8EQA8D4HM0	7	4.7825	4.31	5	5	4.82	13	0
A152V9SI9PP1JU	7	3.2125	2.7	2.7	3.94	3.51	46	0
A3HZ9702G2EZUA	7	1.245	1.4	1.02	1.37	1.19	164	15
A3M0FXH8S3MV1V	7	4.7275	4.48	4.78	4.88	4.77	26	0
A3AGILFBOVKI09	7	4.7275	4.52	4.44	5	4.95	44	0
A209O4163HKU66	7	4.98	4.92	5	5	5	12	0
AYM550DYSN9TY	7	2.785	2.33	2.29	3.71	2.81	113	0
A2V6GCHMZ3W89V	7	4.03	2.79	3.93	4.73	4.67	433	1
A3A0N4OPTWRYPD	8	4.065	4.04	3.61	4.31	4.3	170	2
A2Q21I0C9O2343	8	4.265	4.8	3.67	4.53	4.06	17	0
A230RE9FSQ9SE7	8	4.06	3.54	4.07	4.22	4.41	48	0
AZO5KPO3QS0OU	8	4.5575	4.67	3.67	4.89	5	12	0
A1AQ7EJ5P7ME65	8	3.1075	2.9	2.58	3.31	3.64	126	3
A2JU0EKYBE10ZK	8	4.9475	4.79	5	5	5	40	0
A1PCWPZRTOKMOT	8	3.0525	2.34	3	3.32	3.55	32	0
A2Y4LSEGHUA3KS	8	4.975	4.9	5	5	5	10	0
A35GBZ8TKR3UKC	8	4.1925	4.28	3.65	4.24	4.6	108	1
A1LP8TX9G7T7P2	8	3.8	3.4	3.71	4.06	4.03	81	0
A2UEGHLADSZDBU	9	3.65	4.7	0	5	4.9	12	1
A2S0QCZG8DTNJC	9	4.93	4.72	5	5	5	18	0
A1PEALOSL9Z4KL	9	2.965	2.86	3	3.05	2.95	41	0
A21C7HHM1RNKOR	9	4.71	4.4	4.63	4.85	4.96	47	0
ABIUW8FBC3EE7	9	4.4325	4.2	4.35	4.56	4.62	175	1
A1UCRAP2K7AX2E	9	4.77	4.94	4.2	4.97	4.97	32	0
AELBL54SB3XMV	9	3.815	3.36	3.2	3.94	4.76	27	0
A3J1EJBVSG1ZW4	9	3.9775	3.36	4.13	4.24	4.18	24	0
A1SU5H37U1X2C9	10	4.6025	4	4.5	4.91	5	13	0
A266Q06ARNKH5T	10	3.2	2.5	2.61	3.63	4.06	67	0
AB7GMGQCELWOB	10	2.9875	2.6	2.28	3.72	3.35	62	0
A1ZEEGMU3YMZ6	10	4.7675	4.07	5	5	5	41	0
A1A9FVZYQA8GBX	10	2.785	2.4	2.88	2.54	3.32	133	1
A3PO7OE7RRY4DA	10	2.7125	2.15	2.08	3.48	3.14	29	0
A1ZD2GJV95O4BV	10	4.21	3.96	3.21	4.93	4.74	47	0
A3OSXTUM1QEXNY	11	4.2775	4.16	3.95	4.51	4.49	230	4
A2FRGMSACA9M8H	11	4.51	4.6	4.1	4.67	4.67	51	0
A32XN4TF9CXR6Y	12	4.7825	4.52	4.94	4.87	4.8	68	0
A85UAWGX7A330	12	3.8475	3.55	3.07	4.48	4.29	130	0
A3QE67P6HAD0X3	12	4.2075	2.76	4.24	4.93	4.9	97	0
A28PIN9Y6KHR3H	12	4.635	4.09	5	4.81	4.64	24	1
A1197OGL0WOQ3G	12	2.99	3.16	2.24	3.34	3.22	126	2
A1YC739ZD8COKK	12	4.2475	3.21	4	4.78	5	25	0
A1HTPXGAZGXM4J	13	3.2475	3.27	2.98	3.42	3.32	53	0
AI2HRFAYYSAW7	13	4.505	4.38	4.14	4.74	4.76	160	0
A1CKQ5OV5ZBJBJ	13	3.0575	2.37	2.78	3.19	3.89	181	2
A8DQXJEVAM6JF	14	4.6525	4.28	4.53	4.91	4.89	59	0
A02083613H11QIJB1H2CW	14	4.555	4.53	4.13	4.77	4.79	68	0
AZZ15B3W5L1Q8	15	4.865	4.58	5	4.9	4.98	42	0
A2WSI50PTXWAEL	16	4.59	4.14	4.6	4.81	4.81	39	0
A1A0CXMHXTUN4E	16	4.3025	3.6	4.8	4.21	4.6	24	0
A3RRY7BIF8JDCS	16	2.87	2.5	2.76	2.96	3.26	296	2
A1IFMRTRLY6CMX	17	3.685	3.89	2.55	4.25	4.05	80	1
AR3B90GZOP6DS	17	3.935	3.04	3.42	4.61	4.67	77	0
ALZUWU3P4QQSG	18	3.89	3.05	3.78	4.25	4.48	73	0
A27WLQ6FZA9JFG	18	3.5975	3.49	3.5	3.92	3.48	141	5
A2792W1C5VVZJS	18	4.7075	4.76	4.6	4.71	4.76	17	0
A2TXMKDL52OV8E	18	3.6475	3.71	3.65	3.45	3.78	221	1
A2A53C2WMV8L9R	18	4.3	4.38	4.06	4.29	4.47	216	6
A3RT7VOZ6BYIIL	19	4.4	2.6	5	5	5	5	2
A2EILHT073BDZZ	19	3.745	3.97	2.95	3.89	4.17	38	1
ALQGX9W4S1MRC	20	5	5	5	5	5	14	0
A14AT838CPSKA6	20	3.8075	3.96	2.52	4.48	4.27	101	0
ATX2I6II7G5TX	21	3.5425	3.87	1.8	4.05	4.45	26	0
A239M0XNXTKQZ7	22	4.0825	4.09	3	4.74	4.5	24	0
A21QWNZJFCEW2W	22	3.215	2.82	3.1	3.16	3.78	126	0
A1TI16GBKWZ4M8	22	4.35	4.46	3.76	4.68	4.5	139	0
A3A1AJ4RPLTOLY	23	4.565	4.76	4	4.72	4.78	42	2
A3H3EZNM8ORYNI	24	4.6475	4.63	4.48	4.73	4.75	68	0
A2SUM2D7EOAK1T	27	4.125	3.92	3.9	4.37	4.31	564	3
A6YG5FKV2TAVC	28	4.62	4.78	4.33	4.57	4.8	85	0
A13JL1KUB65H58	30	4.98	4.94	5	4.98	5	67	1
A38RXMI7DFPL8G	30	4.2425	3.48	4.14	4.74	4.61	201	0
A25EIGL5N7278I	30	4.68	4.86	4	4.86	5	17	0
A3HV8QI42N179B	31	3.6525	2.83	3.78	4.35	3.65	392	1
AKEBQYX32KM19	31	4.1025	3.8	3.6	4.76	4.25	146	0
A1VQU6TKNI97S9	32	4.275	3.91	4.09	4.61	4.49	272	4
A2BAP2QO7MMQI9	37	2.7225	2.7	2.25	2.91	3.03	314	2
A11L036EBWKONR	60	4.925	4.94	4.81	4.98	4.97	331	1
